   0.00000000000000000000000000000000000           1.5017615895358003     
   9.77517105638980865478515625000000000E-0004     1.5017934040008543     
   1.95503421127796173095703125000000000E-0003     1.5017880072618146     
   2.93255131691694259643554687500000000E-0003     1.5017453995218659     
   3.91006842255592346191406250000000000E-0003     1.5016655823851652     
   4.88758552819490432739257812500000000E-0003     1.5015485588567827     
   5.86510263383388519287109375000000000E-0003     1.5013943333425881     
   6.84261973947286605834960937500000000E-0003     1.5012029116490850     
   7.82013684511184692382812500000000000E-0003     1.5009743009831915     
   8.79765395075082778930664062500000000E-0003     1.5007085099519706     
   9.77517105638980865478515625000000000E-0003     1.5004055485623038     
   1.07526881620287895202636718750000000E-0002     1.5000654282205166     
   1.17302052676677703857421875000000000E-0002     1.4996881617319473     
   1.27077223733067512512207031250000000E-0002     1.4992737633004662     
   1.36852394789457321166992187500000000E-0002     1.4988222485279401     
   1.46627565845847129821777343750000000E-0002     1.4983336344136449     
   1.56402736902236938476562500000000000E-0002     1.4978079393536257     
   1.66177907958626747131347656250000000E-0002     1.4972451831400044     
   1.75953079015016555786132812500000000E-0002     1.4966453869602345     
   1.85728250071406364440917968750000000E-0002     1.4960085733963031     
   1.95503421127796173095703125000000000E-0002     1.4953347664238812     
   2.05278592184185981750488281250000000E-0002     1.4946239914114199     
   2.15053763240575790405273437500000000E-0002     1.4938762751191972     
   2.24828934296965599060058593750000000E-0002     1.4930916456983090     
   2.34604105353355407714843750000000000E-0002     1.4922701326896088     
   2.44379276409745216369628906250000000E-0002     1.4914117670225975     
   2.54154447466135025024414062500000000E-0002     1.4905165810142575     
   2.63929618522524833679199218750000000E-0002     1.4895846083678359     
   2.73704789578914642333984375000000000E-0002     1.4886158841715760     
   2.83479960635304450988769531250000000E-0002     1.4876104448973964     
   2.93255131691694259643554687500000000E-0002     1.4865683283995170     
   3.03030302748084068298339843750000000E-0002     1.4854895739130358     
   3.12805473804473876953125000000000000E-0002     1.4843742220524490     
   3.22580644860863685607910156250000000E-0002     1.4832223148101236     
   3.32355815917253494262695312500000000E-0002     1.4820338955547165     
   3.42130986973643302917480468750000000E-0002     1.4808090090295409     
   3.51906158030033111572265625000000000E-0002     1.4795477013508824     
   3.61681329086422920227050781250000000E-0002     1.4782500200062616     
   3.71456500142812728881835937500000000E-0002     1.4769160138526483     
   3.81231671199202537536621093750000000E-0002     1.4755457331146198     
   3.91006842255592346191406250000000000E-0002     1.4741392293824715     
   4.00782013311982154846191406250000000E-0002     1.4726965556102740     
   4.10557184368371963500976562500000000E-0002     1.4712177661138794     
   4.20332355424761772155761718750000000E-0002     1.4697029165688766     
   4.30107526481151580810546875000000000E-0002     1.4681520640084944     
   4.39882697537541389465332031250000000E-0002     1.4665652668214553     
   4.49657868593931198120117187500000000E-0002     1.4649425847497768     
   4.59433039650321006774902343750000000E-0002     1.4632840788865216     
   4.69208210706710815429687500000000000E-0002     1.4615898116734978     
   4.78983381763100624084472656250000000E-0002     1.4598598468989086     
   4.88758552819490432739257812500000000E-0002     1.4580942496949498     
   4.98533723875880241394042968750000000E-0002     1.4562930865353585     
   5.08308894932270050048828125000000000E-0002     1.4544564252329097     
   5.18084065988659858703613281250000000E-0002     1.4525843349368630     
   5.27859237045049667358398437500000000E-0002     1.4506768861303601     
   5.37634408101439476013183593750000000E-0002     1.4487341506277707     
   5.47409579157829284667968750000000000E-0002     1.4467562015719879     
   5.57184750214219093322753906250000000E-0002     1.4447431134316757     
   5.66959921270608901977539062500000000E-0002     1.4426949619984657     
   5.76735092326998710632324218750000000E-0002     1.4406118243841008     
   5.86510263383388519287109375000000000E-0002     1.4384937790175352     
   5.96285434439778327941894531250000000E-0002     1.4363409056419796     
   6.06060605496168136596679687500000000E-0002     1.4341532853118999     
   6.15835776552557945251464843750000000E-0002     1.4319310003899652     
   6.25610947608947753906250000000000000E-0002     1.4296741345439468     
   6.35386118665337562561035156250000000E-0002     1.4273827727435677     
   6.45161289721727371215820312500000000E-0002     1.4250570012573054     
   6.54936460778117179870605468750000000E-0002     1.4226969076491411     
   6.64711631834506988525390625000000000E-0002     1.4203025807752661     
   6.74486802890896797180175781250000000E-0002     1.4178741107807327     
   6.84261973947286605834960937500000000E-0002     1.4154115890960646     
   6.94037145003676414489746093750000000E-0002     1.4129151084338110     
   7.03812316060066223144531250000000000E-0002     1.4103847627850579     
   7.13587487116456031799316406250000000E-0002     1.4078206474158887     
   7.23362658172845840454101562500000000E-0002     1.4052228588637981     
   7.33137829229235649108886718750000000E-0002     1.4025914949340565     
   7.42913000285625457763671875000000000E-0002     1.3999266546960287     
   7.52688171342015266418457031250000000E-0002     1.3972284384794436     
   7.62463342398405075073242187500000000E-0002     1.3944969478706166     
   7.72238513454794883728027343750000000E-0002     1.3917322857086252     
   7.82013684511184692382812500000000000E-0002     1.3889345560814375     
   7.91788855567574501037597656250000000E-0002     1.3861038643219925     
   8.01564026623964309692382812500000000E-0002     1.3832403170042349     
   8.11339197680354118347167968750000000E-0002     1.3803440219391028     
   8.21114368736743927001953125000000000E-0002     1.3774150881704688     
   8.30889539793133735656738281250000000E-0002     1.3744536259710332     
   8.40664710849523544311523437500000000E-0002     1.3714597468381742     
   8.50439881905913352966308593750000000E-0002     1.3684335634897495     
   8.60215052962303161621093750000000000E-0002     1.3653751898598512     
   8.69990224018692970275878906250000000E-0002     1.3622847410945176     
   8.79765395075082778930664062500000000E-0002     1.3591623335473990     
   8.89540566131472587585449218750000000E-0002     1.3560080847753739     
   8.99315737187862396240234375000000000E-0002     1.3528221135341263     
   9.09090908244252204895019531250000000E-0002     1.3496045397736720     
   9.18866079300642013549804687500000000E-0002     1.3463554846338452     
   9.28641250357031822204589843750000000E-0002     1.3430750704397356     
   9.38416421413421630859375000000000000E-0002     1.3397634206970830     
   9.48191592469811439514160156250000000E-0002     1.3364206600876285     
   9.57966763526201248168945312500000000E-0002     1.3330469144644201     
   9.67741934582591056823730468750000000E-0002     1.3296423108470734     
   9.77517105638980865478515625000000000E-0002     1.3262069774169905     
   9.87292276695370674133300781250000000E-0002     1.3227410435125329     
   9.97067447751760482788085937500000000E-0002     1.3192446396241537     
  0.100684261880815029144287109375000000           1.3157178973894830     
  0.101661778986454010009765625000000000           1.3121609495883724     
  0.102639296092092990875244140625000000           1.3085739301378962     
  0.103616813197731971740722656250000000           1.3049569740873097     
  0.104594330303370952606201171875000000           1.3013102176129636     
  0.105571847409009933471679687500000000           1.2976337980131780     
  0.106549364514648914337158203125000000           1.2939278537030729     
  0.107526881620287895202636718750000000           1.2901925242093573     
  0.108504398725926876068115234375000000           1.2864279501650751     
  0.109481915831565856933593750000000000           1.2826342733043112     
  0.110459432937204837799072265625000000           1.2788116364568554     
  0.111436950042843818664550781250000000           1.2749601835428246     
  0.112414467148482799530029296875000000           1.2710800595672438     
  0.113391984254121780395507812500000000           1.2671714106145879     
  0.114369501359760761260986328125000000           1.2632343838432807     
  0.115347018465399742126464843750000000           1.2592691274801548     
  0.116324535571038722991943359375000000           1.2552757908148717     
  0.117302052676677703857421875000000000           1.2512545241942992     
  0.118279569782316684722900390625000000           1.2472054790168523     
  0.119257086887955665588378906250000000           1.2431288077267948     
  0.120234603993594646453857421875000000           1.2390246638084952     
  0.121212121099233627319335937500000000           1.2348932017806531     
  0.122189638204872608184814453125000000           1.2307345771904787     
  0.123167155310511589050292968750000000           1.2265489466078372     
  0.124144672416150569915771484375000000           1.2223364676193544     
  0.125122189521789550781250000000000000           1.2180972988224832     
  0.126099706627428531646728515625000000           1.2138315998195328     
  0.127077223733067512512207031250000000           1.2095395312116601     
  0.128054740838706493377685546875000000           1.2052212545928216     
  0.129032257944345474243164062500000000           1.2008769325436921     
  0.130009775049984455108642578125000000           1.1965067286255404     
  0.130987292155623435974121093750000000           1.1921108073740747     
  0.131964809261262416839599609375000000           1.1876893342932453     
  0.132942326366901397705078125000000000           1.1832424758490148     
  0.133919843472540378570556640625000000           1.1787703994630898     
  0.134897360578179359436035156250000000           1.1742732735066190     
  0.135874877683818340301513671875000000           1.1697512672938530     
  0.136852394789457321166992187500000000           1.1652045510757694     
  0.137829911895096302032470703125000000           1.1606332960336643     
  0.138807429000735282897949218750000000           1.1560376742727063     
  0.139784946106374263763427734375000000           1.1514178588154573     
  0.140762463212013244628906250000000000           1.1467740235953583     
  0.141739980317652225494384765625000000           1.1421063434501801     
  0.142717497423291206359863281250000000           1.1374149941154423     
  0.143695014528930187225341796875000000           1.1327001522177957     
  0.144672531634569168090820312500000000           1.1279619952683735     
  0.145650048740208148956298828125000000           1.1232007016561059     
  0.146627565845847129821777343750000000           1.1184164506410066     
  0.147605082951486110687255859375000000           1.1136094223474229     
  0.148582600057125091552734375000000000           1.1087797977572522     
  0.149560117162764072418212890625000000           1.1039277587031309     
  0.150537634268403053283691406250000000           1.0990534878615874     
  0.151515151374042034149169921875000000           1.0941571687461633     
  0.152492668479681015014648437500000000           1.0892389857005065     
  0.153470185585319995880126953125000000           1.0842991238914284     
  0.154447702690958976745605468750000000           1.0793377693019344     
  0.155425219796597957611083984375000000           1.0743551087242205     
  0.156402736902236938476562500000000000           1.0693513297526414     
  0.157380254007875919342041015625000000           1.0643266207766469     
  0.158357771113514900207519531250000000           1.0592811709736902     
  0.159335288219153881072998046875000000           1.0542151703021048     
  0.160312805324792861938476562500000000           1.0491288094939526     
  0.161290322430431842803955078125000000           1.0440222800478429     
  0.162267839536070823669433593750000000           1.0388957742217235     
  0.163245356641709804534912109375000000           1.0337494850256410     
  0.164222873747348785400390625000000000           1.0285836062144751     
  0.165200390852987766265869140625000000           1.0233983322806433     
  0.166177907958626747131347656250000000           1.0181938584467782     
  0.167155425064265727996826171875000000           1.0129703806583783     
  0.168132942169904708862304687500000000           1.0077280955764301     
  0.169110459275543689727783203125000000           1.0024672005700035     
  0.170087976381182670593261718750000000          0.99718789370882266     
  0.171065493486821651458740234375000000          0.99189037375580680     
  0.172043010592460632324218750000000000          0.98657484015958774     
  0.173020527698099613189697265625000000          0.98124149304700126     
  0.173998044803738594055175781250000000          0.97589053321555175     
  0.174975561909377574920654296875000000          0.97052216212585218     
  0.175953079015016555786132812500000000          0.96513658189404039     
  0.176930596120655536651611328125000000          0.95973399528416770     
  0.177908113226294517517089843750000000          0.95431460570056648     
  0.178885630331933498382568359375000000          0.94887861718019184     
  0.179863147437572479248046875000000000          0.94342623438493889     
  0.180840664543211460113525390625000000          0.93795766259393787     
  0.181818181648850440979003906250000000          0.93247310769582659     
  0.182795698754489421844482421875000000          0.92697277618099638     
  0.183773215860128402709960937500000000          0.92145687513382035     
  0.184750732965767383575439453125000000          0.91592561222485513     
  0.185728250071406364440917968750000000          0.91037919570302328     
  0.186705767177045345306396484375000000          0.90481783438777175     
  0.187683284282684326171875000000000000          0.89924173766121074     
  0.188660801388323307037353515625000000          0.89365111546023046     
  0.189638318493962287902832031250000000          0.88804617826859700     
  0.190615835599601268768310546875000000          0.88242713710902743     
  0.191593352705240249633789062500000000          0.87679420353524595     
  0.192570869810879230499267578125000000          0.87114758962401750     
  0.193548386916518211364746093750000000          0.86548750796716456     
  0.194525904022157192230224609375000000          0.85981417166356233     
  0.195503421127796173095703125000000000          0.85412779431111607     
  0.196480938233435153961181640625000000          0.84842858999871906     
  0.197458455339074134826660156250000000          0.84271677329819272     
  0.198435972444713115692138671875000000          0.83699255925620719     
  0.199413489550352096557617187500000000          0.83125616338618602     
  0.200391006655991077423095703125000000          0.82550780166019133     
  0.201368523761630058288574218750000000          0.81974769050079332     
  0.202346040867269039154052734375000000          0.81397604677292135     
  0.203323557972908020019531250000000000          0.80819308777569965     
  0.204301075078547000885009765625000000          0.80239903123426604     
  0.205278592184185981750488281250000000          0.79659409529157432     
  0.206256109289824962615966796875000000          0.79077849850018189     
  0.207233626395463943481445312500000000          0.78495245981402095     
  0.208211143501102924346923828125000000          0.77911619858015502     
  0.209188660606741905212402343750000000          0.77326993453052095     
  0.210166177712380886077880859375000000          0.76741388777365616     
  0.211143694818019866943359375000000000          0.76154827878641085     
  0.212121211923658847808837890625000000          0.75567332840564794     
  0.213098729029297828674316406250000000          0.74978925781992944     
  0.214076246134936809539794921875000000          0.74389628856118650     
  0.215053763240575790405273437500000000          0.73799464249638136     
  0.216031280346214771270751953125000000          0.73208454181915272     
  0.217008797451853752136230468750000000          0.72616620904145057     
  0.217986314557492733001708984375000000          0.72023986698515907     
  0.218963831663131713867187500000000000          0.71430573877370696     
  0.219941348768770694732666015625000000          0.70836404782366735     
  0.220918865874409675598144531250000000          0.70241501783634641     
  0.221896382980048656463623046875000000          0.69645887278936058     
  0.222873900085687637329101562500000000          0.69049583692820471     
  0.223851417191326618194580078125000000          0.68452613475780832     
  0.224828934296965599060058593750000000          0.67854999103408442     
  0.225806451402604579925537109375000000          0.67256763075546622     
  0.226783968508243560791015625000000000          0.66657927915443693     
  0.227761485613882541656494140625000000          0.66058516168904968     
  0.228739002719521522521972656250000000          0.65458550403443938     
  0.229716519825160503387451171875000000          0.64858053207432553     
  0.230694036930799484252929687500000000          0.64257047189250849     
  0.231671554036438465118408203125000000          0.63655554976435724     
  0.232649071142077445983886718750000000          0.63053599214829015     
  0.233626588247716426849365234375000000          0.62451202567724917     
  0.234604105353355407714843750000000000          0.61848387715016739     
  0.235581622458994388580322265625000000          0.61245177352342950     
  0.236559139564633369445800781250000000          0.60641594190232773     
  0.237536656670272350311279296875000000          0.60037660953251115     
  0.238514173775911331176757812500000000          0.59433400379143020     
  0.239491690881550312042236328125000000          0.58828835217977549     
  0.240469207987189292907714843750000000          0.58223988231291346     
  0.241446725092828273773193359375000000          0.57618882191231580     
  0.242424242198467254638671875000000000          0.57013539879698660     
  0.243401759304106235504150390625000000          0.56407984087488450     
  0.244379276409745216369628906250000000          0.55802237613434302     
  0.245356793515384197235107421875000000          0.55196323263548563     
  0.246334310621023178100585937500000000          0.54590263850164067     
  0.247311827726662158966064453125000000          0.53984082191075167     
  0.248289344832301139831542968750000000          0.53377801108678724     
  0.249266861937940120697021484375000000          0.52771443429114817     
  0.250244379043579101562500000000000000          0.52165031981407350     
  0.251221896149218082427978515625000000          0.51558589596604598     
  0.252199413254857063293457031250000000          0.50952139106919592     
  0.253176930360496044158935546875000000          0.50345703344870485     
  0.254154447466135025024414062500000000          0.49739305142420975     
  0.255131964571774005889892578125000000          0.49132967330120630     
  0.256109481677412986755371093750000000          0.48526712736245398     
  0.257086998783051967620849609375000000          0.47920564185938075     
  0.258064515888690948486328125000000000          0.47314544500348976     
  0.259042032994329929351806640625000000          0.46708676495776735     
  0.260019550099968910217285156250000000          0.46102982982809310     
  0.260997067205607891082763671875000000          0.45497486765465106     
  0.261974584311246871948242187500000000          0.44892210640334484     
  0.262952101416885852813720703125000000          0.44287177395721455     
  0.263929618522524833679199218750000000          0.43682409810785705     
  0.264907135628163814544677734375000000          0.43077930654684993     
  0.265884652733802795410156250000000000          0.42473762685717897     
  0.266862169839441776275634765625000000          0.41869928650466970     
  0.267839686945080757141113281250000000          0.41266451282942351     
  0.268817204050719738006591796875000000          0.40663353303725835     
  0.269794721156358718872070312500000000          0.40060657419115475     
  0.270772238261997699737548828125000000          0.39458386320270672     
  0.271749755367636680603027343750000000          0.38856562682357904     
  0.272727272473275661468505859375000000          0.38255209163696979     
  0.273704789578914642333984375000000000          0.37654348404908000     
  0.274682306684553623199462890625000000          0.37054003028058902     
  0.275659823790192604064941406250000000          0.36454195635813835     
  0.276637340895831584930419921875000000          0.35854948810582077     
  0.277614858001470565795898437500000000          0.35256285113667929     
  0.278592375107109546661376953125000000          0.34658227084421195     
  0.279569892212748527526855468750000000          0.34060797239388668     
  0.280547409318387508392333984375000000          0.33464018071466334     
  0.281524926424026489257812500000000000          0.32867912049052556     
  0.282502443529665470123291015625000000          0.32272501615202176     
  0.283479960635304450988769531250000000          0.31677809186781497     
  0.284457477740943431854248046875000000          0.31083857153624317     
  0.285434994846582412719726562500000000          0.30490667877688987     
  0.286412511952221393585205078125000000          0.29898263692216476     
  0.287390029057860374450683593750000000          0.29306666900889539     
  0.288367546163499355316162109375000000          0.28715899776993004     
  0.289345063269138336181640625000000000          0.28125984562575168     
  0.290322580374777317047119140625000000          0.27536943467610425     
  0.291300097480416297912597656250000000          0.26948798669163104     
  0.292277614586055278778076171875000000          0.26361572310552428     
  0.293255131691694259643554687500000000          0.25775286500518896     
  0.294232648797333240509033203125000000          0.25189963312391894     
  0.295210165902972221374511718750000000          0.24605624783258614     
  0.296187683008611202239990234375000000          0.24022292913134419     
  0.297165200114250183105468750000000000          0.23439989664134520     
  0.298142717219889163970947265625000000          0.22858736959647119     
  0.299120234325528144836425781250000000          0.22278556683508019     
  0.300097751431167125701904296875000000          0.21699470679176688     
  0.301075268536806106567382812500000000          0.21121500748913893     
  0.302052785642445087432861328125000000          0.20544668652960837     
  0.303030302748084068298339843750000000          0.19968996108719916     
  0.304007819853723049163818359375000000          0.19394504789937034     
  0.304985336959362030029296875000000000          0.18821216325885662     
  0.305962854065001010894775390625000000          0.18249152300552418     
  0.306940371170639991760253906250000000          0.17678334251824546     
  0.307917888276278972625732421875000000          0.17108783670678931     
  0.308895405381917953491210937500000000          0.16540522000373073     
  0.309872922487556934356689453125000000          0.15973570635637652     
  0.310850439593195915222167968750000000          0.15407950921871122     
  0.311827956698834896087646484375000000          0.14843684154336004     
  0.312805473804473876953125000000000000          0.14280791577357174     
  0.313782990910112857818603515625000000          0.13719294383522015     
  0.314760508015751838684082031250000000          0.13159213712882512     
  0.315738025121390819549560546875000000          0.12600570652159351     
  0.316715542227029800415039062500000000          0.12043386233948024     
  0.317693059332668781280517578125000000          0.11487681435926955     
  0.318670576438307762145996093750000000          0.10933477180067709     
  0.319648093543946743011474609375000000          0.10380794331847280     
  0.320625610649585723876953125000000000           9.8296536994625205E-002
  0.321603127755224704742431640625000000           9.2800760330467261E-002
  0.322580644860863685607910156250000000           8.7320820238884378E-002
  0.323558161966502666473388671875000000           8.1856923036523546E-002
  0.324535679072141647338867187500000000           7.6409274436026367E-002
  0.325513196177780628204345703125000000           7.0978079538283514E-002
  0.326490713283419609069824218750000000           6.5563542824713161E-002
  0.327468230389058589935302734375000000           6.0165868149562256E-002
  0.328445747494697570800781250000000000           5.4785258732231640E-002
  0.329423264600336551666259765625000000           4.9421917149624683E-002
  0.330400781705975532531738281250000000           4.4076045328520636E-002
  0.331378298811614513397216796875000000           3.8747844537971990E-002
  0.332355815917253494262695312500000000           3.3437515381727005E-002
  0.333333333022892475128173828125000000           2.8145257790677013E-002
  0.334310850128531455993652343750000000           2.2871271015329233E-002
  0.335288367234170436859130859375000000           1.7615753618304662E-002
  0.336265884339809417724609375000000000           1.2378903466863192E-002
  0.337243401445448398590087890625000000           7.1609177254528767E-003
  0.338220918551087379455566406250000000           1.9619928482877045E-003
  0.339198435656726360321044921875000000          -3.2176754280491830E-003
  0.340175952762365341186523437500000000          -8.3778920919745144E-003
  0.341153469868004322052001953125000000          -1.3518462864247672E-002
  0.342130986973643302917480468750000000          -1.8639194205284398E-002
  0.343108504079282283782958984375000000          -2.3739893322444142E-002
  0.344086021184921264648437500000000000          -2.8820368177287933E-002
  0.345063538290560245513916015625000000          -3.3880427492808986E-002
  0.346041055396199226379394531250000000          -3.8919880760634053E-002
  0.347018572501838207244873046875000000          -4.3938538248195956E-002
  0.347996089607477188110351562500000000          -4.8936211005876827E-002
  0.348973606713116168975830078125000000          -5.3912710874121972E-002
  0.349951123818755149841308593750000000          -5.8867850490524114E-002
  0.350928640924394130706787109375000000          -6.3801443296877314E-002
  0.351906158030033111572265625000000000          -6.8713303546200963E-002
  0.352883675135672092437744140625000000          -7.3603246309732945E-002
  0.353861192241311073303222656250000000          -7.8471087483891769E-002
  0.354838709346950054168701171875000000          -8.3316643797208781E-002
  0.355816226452589035034179687500000000          -8.8139732817227270E-002
  0.356793743558228015899658203125000000          -9.2940172957371836E-002
  0.357771260663866996765136718750000000          -9.7717783483784446E-002
  0.358748777769505977630615234375000000         -0.10247238452212908     
  0.359726294875144958496093750000000000         -0.10720379706436381     
  0.360703811980783939361572265625000000         -0.11191184297548074     
  0.361681329086422920227050781250000000         -0.11659634500021226     
  0.362658846192061901092529296875000000         -0.12125712676970489     
  0.363636363297700881958007812500000000         -0.12589401280815934     
  0.364613880403339862823486328125000000         -0.13050682853943696     
  0.365591397508978843688964843750000000         -0.13509540029363254     
  0.366568914614617824554443359375000000         -0.13965955531361332     
  0.367546431720256805419921875000000000         -0.14419912176152203     
  0.368523948825895786285400390625000000         -0.14871392872524797     
  0.369501465931534767150878906250000000         -0.15320380622486077     
  0.370478983037173748016357421875000000         -0.15766858521901023     
  0.371456500142812728881835937500000000         -0.16210809761129050     
  0.372434017248451709747314453125000000         -0.16652217625656943     
  0.373411534354090690612792968750000000         -0.17091065496728078     
  0.374389051459729671478271484375000000         -0.17527336851968167     
  0.375366568565368652343750000000000000         -0.17961015266007260     
  0.376344085671007633209228515625000000         -0.18392084411098161     
  0.377321602776646614074707031250000000         -0.18820528057731215     
  0.378299119882285594940185546875000000         -0.19246330075245288     
  0.379276636987924575805664062500000000         -0.19669474432435086     
  0.380254154093563556671142578125000000         -0.20089945198154707     
  0.381231671199202537536621093750000000         -0.20507726541917487     
  0.382209188304841518402099609375000000         -0.20922802734491958     
  0.383186705410480499267578125000000000         -0.21335158148494071     
  0.384164222516119480133056640625000000         -0.21744777258975567     
  0.385141739621758460998535156250000000         -0.22151644644008434     
  0.386119256727397441864013671875000000         -0.22555744985265599     
  0.387096773833036422729492187500000000         -0.22957063068597600     
  0.388074290938675403594970703125000000         -0.23355583784605438     
  0.389051808044314384460449218750000000         -0.23751292129209406     
  0.390029325149953365325927734375000000         -0.24144173204213978     
  0.391006842255592346191406250000000000         -0.24534212217868731     
  0.391984359361231327056884765625000000         -0.24921394485425255     
  0.392961876466870307922363281250000000         -0.25305705429690012     
  0.393939393572509288787841796875000000         -0.25687130581573164     
  0.394916910678148269653320312500000000         -0.26065655580633340     
  0.395894427783787250518798828125000000         -0.26441266175618250     
  0.396871944889426231384277343750000000         -0.26813948225001283     
  0.397849461995065212249755859375000000         -0.27183687697513959     
  0.398826979100704193115234375000000000         -0.27550470672674060     
  0.399804496206343173980712890625000000         -0.27914283341309909     
  0.400782013311982154846191406250000000         -0.28275112006080172     
  0.401759530417621135711669921875000000         -0.28632943081989548     
  0.402737047523260116577148437500000000         -0.28987763096900260     
  0.403714564628899097442626953125000000         -0.29339558692039308     
  0.404692081734538078308105468750000000         -0.29688316622501359     
  0.405669598840177059173583984375000000         -0.30034023757747480     
  0.406647115945816040039062500000000000         -0.30376667082099396     
  0.407624633051455020904541015625000000         -0.30716233695229606     
  0.408602150157094001770019531250000000         -0.31052710812647066     
  0.409579667262732982635498046875000000         -0.31386085766178479     
  0.410557184368371963500976562500000000         -0.31716346004445273     
  0.411534701474010944366455078125000000         -0.32043479093336119     
  0.412512218579649925231933593750000000         -0.32367472716475137     
  0.413489735685288906097412109375000000         -0.32688314675685531     
  0.414467252790927886962890625000000000         -0.33005992891448871     
  0.415444769896566867828369140625000000         -0.33320495403359912     
  0.416422287002205848693847656250000000         -0.33631810370576798     
  0.417399804107844829559326171875000000         -0.33939926072267007     
  0.418377321213483810424804687500000000         -0.34244830908048479     
  0.419354838319122791290283203125000000         -0.34546513398426509     
  0.420332355424761772155761718750000000         -0.34844962185225847     
  0.421309872530400753021240234375000000         -0.35140166032018355     
  0.422287389636039733886718750000000000         -0.35432113824546030     
  0.423264906741678714752197265625000000         -0.35720794571139503     
  0.424242423847317695617675781250000000         -0.36006197403131829     
  0.425219940952956676483154296875000000         -0.36288311575267695     
  0.426197458058595657348632812500000000         -0.36567126466107980     
  0.427174975164234638214111328125000000         -0.36842631578429619     
  0.428152492269873619079589843750000000         -0.37114816539620843     
  0.429130009375512599945068359375000000         -0.37383671102071736     
  0.430107526481151580810546875000000000         -0.37649185143559932     
  0.431085043586790561676025390625000000         -0.37911348667631850     
  0.432062560692429542541503906250000000         -0.38170151803979024     
  0.433040077798068523406982421875000000         -0.38425584808809610     
  0.434017594903707504272460937500000000         -0.38677638065215342     
  0.434995112009346485137939453125000000         -0.38926302083533593     
  0.435972629114985466003417968750000000         -0.39171567501704607     
  0.436950146220624446868896484375000000         -0.39413425085624049     
  0.437927663326263427734375000000000000         -0.39651865729490549     
  0.438905180431902408599853515625000000         -0.39886880456148632     
  0.439882697537541389465332031250000000         -0.40118460417426688     
  0.440860214643180370330810546875000000         -0.40346596894470049     
  0.441837731748819351196289062500000000         -0.40571281298069323     
  0.442815248854458332061767578125000000         -0.40792505168983667     
  0.443792765960097312927246093750000000         -0.41010260178259411     
  0.444770283065736293792724609375000000         -0.41224538127543514     
  0.445747800171375274658203125000000000         -0.41435330949392296     
  0.446725317277014255523681640625000000         -0.41642630707575173     
  0.447702834382653236389160156250000000         -0.41846429597373386     
  0.448680351488292217254638671875000000         -0.42046719945873950     
  0.449657868593931198120117187500000000         -0.42243494212258420     
  0.450635385699570178985595703125000000         -0.42436744988086905     
  0.451612902805209159851074218750000000         -0.42626464997576924     
  0.452590419910848140716552734375000000         -0.42812647097877349     
  0.453567937016487121582031250000000000         -0.42995284279337320     
  0.454545454122126102447509765625000000         -0.43174369665770185     
  0.455522971227765083312988281250000000         -0.43349896514712366     
  0.456500488333404064178466796875000000         -0.43521858217677212     
  0.457478005439043045043945312500000000         -0.43690248300403817     
  0.458455522544682025909423828125000000         -0.43855060423100706     
  0.459433039650321006774902343750000000         -0.44016288380684621     
  0.460410556755959987640380859375000000         -0.44173926103014127     
  0.461388073861598968505859375000000000         -0.44327967655118006     
  0.462365590967237949371337890625000000         -0.44478407237418910     
  0.463343108072876930236816406250000000         -0.44625239185951643     
  0.464320625178515911102294921875000000         -0.44768457972576281     
  0.465298142284154891967773437500000000         -0.44908058205186457     
  0.466275659389793872833251953125000000         -0.45044034627912327     
  0.467253176495432853698730468750000000         -0.45176382121318431     
  0.468230693601071834564208984375000000         -0.45305095702596460     
  0.469208210706710815429687500000000000         -0.45430170525752805     
  0.470185727812349796295166015625000000         -0.45551601881791065     
  0.471163244917988777160644531250000000         -0.45669385198889334     
  0.472140762023627758026123046875000000         -0.45783516042572286     
  0.473118279129266738891601562500000000         -0.45893990115878186     
  0.474095796234905719757080078125000000         -0.46000803259520567     
  0.475073313340544700622558593750000000         -0.46103951452044983     
  0.476050830446183681488037109375000000         -0.46203430809980267     
  0.477028347551822662353515625000000000         -0.46299237587984815     
  0.478005864657461643218994140625000000         -0.46391368178987608     
  0.478983381763100624084472656250000000         -0.46479819114323939     
  0.479960898868739604949951171875000000         -0.46564587063866103     
  0.480938415974378585815429687500000000         -0.46645668836148690     
  0.481915933080017566680908203125000000         -0.46723061378488828     
  0.482893450185656547546386718750000000         -0.46796761777101031     
  0.483870967291295528411865234375000000         -0.46866767257206954     
  0.484848484396934509277343750000000000         -0.46933075183139822     
  0.485826001502573490142822265625000000         -0.46995683058443710     
  0.486803518608212471008300781250000000         -0.47054588525967489     
  0.487781035713851451873779296875000000         -0.47109789367953614     
  0.488758552819490432739257812500000000         -0.47161283506121587     
  0.489736069925129413604736328125000000         -0.47209069001746196     
  0.490713587030768394470214843750000000         -0.47253144055730539     
  0.491691104136407375335693359375000000         -0.47293507008673780     
  0.492668621242046356201171875000000000         -0.47330156340933494     
  0.493646138347685337066650390625000000         -0.47363090672683050     
  0.494623655453324317932128906250000000         -0.47392308763963537     
  0.495601172558963298797607421875000000         -0.47417809514730264     
  0.496578689664602279663085937500000000         -0.47439591964894384     
  0.497556206770241260528564453125000000         -0.47457655294358975     
  0.498533723875880241394042968750000000         -0.47471998823049893     
  0.499511240981519222259521484375000000         -0.47482622010941405     
  0.500488758087158203125000000000000000         -0.47489524458076471     
  0.501466275192797183990478515625000000         -0.47492705904581844     
  0.502443792298436164855957031250000000         -0.47492166230677890     
  0.503421309404075145721435546875000000         -0.47487905456683011     
  0.504398826509714126586914062500000000         -0.47479923743012958     
  0.505376343615353107452392578125000000         -0.47468221390174703     
  0.506353860720992088317871093750000000         -0.47452798838755250     
  0.507331377826631069183349609375000000         -0.47433656669404928     
  0.508308894932270050048828125000000000         -0.47410795602815592     
  0.509286412037909030914306640625000000         -0.47384216499693488     
  0.510263929143548011779785156250000000         -0.47353920360726814     
  0.511241446249186992645263671875000000         -0.47319908326548094     
  0.512218963354825973510742187500000000         -0.47282181677691160     
  0.513196480460464954376220703125000000         -0.47240741834543054     
  0.514173997566103935241699218750000000         -0.47195590357290440     
  0.515151514671742916107177734375000000         -0.47146728945860916     
  0.516129031777381896972656250000000000         -0.47094159439858996     
  0.517106548883020877838134765625000000         -0.47037883818496873     
  0.518084065988659858703613281250000000         -0.46977904200519882     
  0.519061583094298839569091796875000000         -0.46914222844126741     
  0.520039100199937820434570312500000000         -0.46846842146884543     
  0.521016617305576801300048828125000000         -0.46775764645638429     
  0.521994134411215782165527343750000000         -0.46700993016416148     
  0.522971651516854763031005859375000000         -0.46622530074327323     
  0.523949168622493743896484375000000000         -0.46540378773457314     
  0.524926685728132724761962890625000000         -0.46454542206756178     
  0.525904202833771705627441406250000000         -0.46365023605922195     
  0.526881719939410686492919921875000000         -0.46271826341280031     
  0.527859237045049667358398437500000000         -0.46174953921654033     
  0.528836754150688648223876953125000000         -0.46074409994236054     
  0.529814271256327629089355468750000000         -0.45970198344448138     
  0.530791788361966609954833984375000000         -0.45862322895800017     
  0.531769305467605590820312500000000000         -0.45750787709741331     
  0.532746822573244571685791015625000000         -0.45635596985508792     
  0.533724339678883552551269531250000000         -0.45516755059968089     
  0.534701856784522533416748046875000000         -0.45394266407450529     
  0.535679373890161514282226562500000000         -0.45268135639584672     
  0.536656890995800495147705078125000000         -0.45138367505122601     
  0.537634408101439476013183593750000000         -0.45004966889761261     
  0.538611925207078456878662109375000000         -0.44867938815958414     
  0.539589442312717437744140625000000000         -0.44727288442743585     
  0.540566959418356418609619140625000000         -0.44583021065523837     
  0.541544476523995399475097656250000000         -0.44435142115884380     
  0.542521993629634380340576171875000000         -0.44283657161384088     
  0.543499510735273361206054687500000000         -0.44128571905345859     
  0.544477027840912342071533203125000000         -0.43969892186641962     
  0.545454544946551322937011718750000000         -0.43807623979474103     
  0.546432062052190303802490234375000000         -0.43641773393148575     
  0.547409579157829284667968750000000000         -0.43472346671846201     
  0.548387096263468265533447265625000000         -0.43299350194387287     
  0.549364613369107246398925781250000000         -0.43122790473991418     
  0.550342130474746227264404296875000000         -0.42942674158032290     
  0.551319647580385208129882812500000000         -0.42759008027787404     
  0.552297164686024188995361328125000000         -0.42571798998182736     
  0.553274681791663169860839843750000000         -0.42381054117532430     
  0.554252198897302150726318359375000000         -0.42186780567273491     
  0.555229716002941131591796875000000000         -0.41988985661695211     
  0.556207233108580112457275390625000000         -0.41787676847664001     
  0.557184750214219093322753906250000000         -0.41582861704342994     
  0.558162267319858074188232421875000000         -0.41374547942906509     
  0.559139784425497055053710937500000000         -0.41162743406249941     
  0.560117301531136035919189453125000000         -0.40947456068694377     
  0.561094818636775016784667968750000000         -0.40728694035686414     
  0.562072335742413997650146484375000000         -0.40506465543492953     
  0.563049852848052978515625000000000000         -0.40280778958891106     
  0.564027369953691959381103515625000000         -0.40051642778853208     
  0.565004887059330940246582031250000000         -0.39819065630226969     
  0.565982404164969921112060546875000000         -0.39583056269410555     
  0.566959921270608901977539062500000000         -0.39343623582023024     
  0.567937438376247882843017578125000000         -0.39100776582569702     
  0.568914955481886863708496093750000000         -0.38854524414102887     
  0.569892472587525844573974609375000000         -0.38604876347877531     
  0.570869989693164825439453125000000000         -0.38351841783002216     
  0.571847506798803806304931640625000000         -0.38095430246085304     
  0.572825023904442787170410156250000000         -0.37835651390876235     
  0.573802541010081768035888671875000000         -0.37572514997902084     
  0.574780058115720748901367187500000000         -0.37306030974099291     
  0.575757575221359729766845703125000000         -0.37036209352440780     
  0.576735092326998710632324218750000000         -0.36763060291558081     
  0.577712609432637691497802734375000000         -0.36486594075358958     
  0.578690126538276672363281250000000000         -0.36206821112640181     
  0.579667643643915653228759765625000000         -0.35923751936695675     
  0.580645160749554634094238281250000000         -0.35637397204919913     
  0.581622677855193614959716796875000000         -0.35347767698406707     
  0.582600194960832595825195312500000000         -0.35054874321543295     
  0.583577712066471576690673828125000000         -0.34758728101599745     
  0.584555229172110557556152343750000000         -0.34459340188313853     
  0.585532746277749538421630859375000000         -0.34156721853471383     
  0.586510263383388519287109375000000000         -0.33850884490481542     
  0.587487780489027500152587890625000000         -0.33541839613948199     
  0.588465297594666481018066406250000000         -0.33229598859236337     
  0.589442814700305461883544921875000000         -0.32914173982033834     
  0.590420331805944442749023437500000000         -0.32595576857909048     
  0.591397848911583423614501953125000000         -0.32273819481863636     
  0.592375366017222404479980468750000000         -0.31948913967880954     
  0.593352883122861385345458984375000000         -0.31620872548469980     
  0.594330400228500366210937500000000000         -0.31289707574204723     
  0.595307917334139347076416015625000000         -0.30955431513259279     
  0.596285434439778327941894531250000000         -0.30618056950938438     
  0.597262951545417308807373046875000000         -0.30277596589203765     
  0.598240468651056289672851562500000000         -0.29934063246195469     
  0.599217985756695270538330078125000000         -0.29587469855749721     
  0.600195502862334251403808593750000000         -0.29237829466911808     
  0.601173019967973232269287109375000000         -0.28885155243444732     
  0.602150537073612213134765625000000000         -0.28529460463333672     
  0.603128054179251194000244140625000000         -0.28170758518286065     
  0.604105571284890174865722656250000000         -0.27809062913227406     
  0.605083088390529155731201171875000000         -0.27444387265792797     
  0.606060605496168136596679687500000000         -0.27076745305814226     
  0.607038122601807117462158203125000000         -0.26706150874803725     
  0.608015639707446098327636718750000000         -0.26332617925432150     
  0.608993156813085079193115234375000000         -0.25956160521003924     
  0.609970673918724060058593750000000000         -0.25576792834927542     
  0.610948191024363040924072265625000000         -0.25194529150181971     
  0.611925708130002021789550781250000000         -0.24809383858778877     
  0.612903225235641002655029296875000000         -0.24421371461220800     
  0.613880742341279983520507812500000000         -0.24030506565955223     
  0.614858259446918964385986328125000000         -0.23636803888824504     
  0.615835776552557945251464843750000000         -0.23240278252511923     
  0.616813293658196926116943359375000000         -0.22840944585983602     
  0.617790810763835906982421875000000000         -0.22438817923926338     
  0.618768327869474887847900390625000000         -0.22033913406181668     
  0.619745844975113868713378906250000000         -0.21626246277175901     
  0.620723362080752849578857421875000000         -0.21215831885345957     
  0.621700879186391830444335937500000000         -0.20802685682561750     
  0.622678396292030811309814453125000000         -0.20386823223544295     
  0.623655913397669792175292968750000000         -0.19968260165280141     
  0.624633430503308773040771484375000000         -0.19547012266431871     
  0.625610947608947753906250000000000000         -0.19123095386744757     
  0.626588464714586734771728515625000000         -0.18696525486449719     
  0.627565981820225715637207031250000000         -0.18267318625662435     
  0.628543498925864696502685546875000000         -0.17835490963778597     
  0.629521016031503677368164062500000000         -0.17401058758865634     
  0.630498533137142658233642578125000000         -0.16964038367050474     
  0.631476050242781639099121093750000000         -0.16524446241903909     
  0.632453567348420619964599609375000000         -0.16082298933820971     
  0.633431084454059600830078125000000000         -0.15637613089397903     
  0.634408601559698581695556640625000000         -0.15190405450805414     
  0.635386118665337562561035156250000000         -0.14740692855158338     
  0.636363635770976543426513671875000000         -0.14288492233881728     
  0.637341152876615524291992187500000000         -0.13833820612073366     
  0.638318669982254505157470703125000000         -0.13376695107862860     
  0.639296187087893486022949218750000000         -0.12917132931767067     
  0.640273704193532466888427734375000000         -0.12455151386042169     
  0.641251221299171447753906250000000000         -0.11990767864032248     
  0.642228738404810428619384765625000000         -0.11523999849514437     
  0.643206255510449409484863281250000000         -0.11054864916040663     
  0.644183772616088390350341796875000000         -0.10583380726276014     
  0.645161289721727371215820312500000000         -0.10109565031333768     
  0.646138806827366352081298828125000000          -9.6334356701070115E-002
  0.647116323933005332946777343750000000          -9.1550105685970939E-002
  0.648093841038644313812255859375000000          -8.6743077392387083E-002
  0.649071358144283294677734375000000000          -8.1913452802216472E-002
  0.650048875249922275543212890625000000          -7.7061413748095109E-002
  0.651026392355561256408691406250000000          -7.2187142906551649E-002
  0.652003909461200237274169921875000000          -6.7290823791127663E-002
  0.652981426566839218139648437500000000          -6.2372640745470727E-002
  0.653958943672478199005126953125000000          -5.7432778936392634E-002
  0.654936460778117179870605468750000000          -5.2471424346898624E-002
  0.655913977883756160736083984375000000          -4.7488763769184872E-002
  0.656891494989395141601562500000000000          -4.2484984797605575E-002
  0.657869012095034122467041015625000000          -3.7460275821611121E-002
  0.658846529200673103332519531250000000          -3.2414826018654565E-002
  0.659824046306312084197998046875000000          -2.7348825347069079E-002
  0.660801563411951065063476562500000000          -2.2262464538916872E-002
  0.661779080517590045928955078125000000          -1.7155935092807190E-002
  0.662756597623229026794433593750000000          -1.2029429266687798E-002
  0.663734114728868007659912109375000000          -6.8831400706054098E-003
  0.664711631834506988525390625000000000          -1.7172612594394876E-003
  0.665689148940145969390869140625000000           3.4680126743924849E-003
  0.666666666045784950256347656250000000           8.6724865082574952E-003
  0.667644183151423931121826171875000000           1.3895964296657348E-002
  0.668621700257062911987304687500000000           1.9138249378605750E-002
  0.669599217362701892852783203125000000           2.4399144385032101E-002
  0.670576734468340873718261718750000000           2.9678451246212992E-002
  0.671554251573979854583740234375000000           3.4975971199228954E-002
  0.672531768679618835449218750000000000           4.0291504795447949E-002
  0.673509285785257816314697265625000000           4.5624851908034419E-002
  0.674486802890896797180175781250000000           5.0975811739484012E-002
  0.675464319996535778045654296875000000           5.6344182829183478E-002
  0.676441837102174758911132812500000000           6.1729763060995348E-002
  0.677419354207813739776611328125000000           6.7132349670868049E-002
  0.678396871313452720642089843750000000           7.2551739254469200E-002
  0.679374388419091701507568359375000000           7.7987727774843821E-002
  0.680351905524730682373046875000000000           8.3440110570096829E-002
  0.681329422630369663238525390625000000           8.8908682361097807E-002
  0.682306939736008644104003906250000000           9.4393237259209117E-002
  0.683284456841647624969482421875000000           9.9893568774039293E-002
  0.684261973947286605834960937500000000          0.10540946982121532     
  0.685239491052925586700439453125000000          0.11094073273018051     
  0.686217008158564567565917968750000000          0.11648714925201246     
  0.687194525264203548431396484375000000          0.12204851056726396     
  0.688172042369842529296875000000000000          0.12762460729382494     
  0.689149559475481510162353515625000000          0.13321522949480527     
  0.690127076581120491027832031250000000          0.13882016668643876     
  0.691104593686759471893310546875000000          0.14443920784600822     
  0.692082110792398452758789062500000000          0.15007214141978970     
  0.693059627898037433624267578125000000          0.15571875533101820     
  0.694037145003676414489746093750000000          0.16137883698787114     
  0.695014662109315395355224609375000000          0.16705217329147332     
  0.695992179214954376220703125000000000          0.17273855064391960     
  0.696969696320593357086181640625000000          0.17843775495631661     
  0.697947213426232337951660156250000000          0.18414957165684301     
  0.698924730531871318817138671875000000          0.18987378569882848     
  0.699902247637510299682617187500000000          0.19561018156884974     
  0.700879764743149280548095703125000000          0.20135854329484434     
  0.701857281848788261413574218750000000          0.20711865445424241     
  0.702834798954427242279052734375000000          0.21289029818211436     
  0.703812316060066223144531250000000000          0.21867325717933603     
  0.704789833165705204010009765625000000          0.22446731372076967     
  0.705767350271344184875488281250000000          0.23027224966346135     
  0.706744867376983165740966796875000000          0.23608784645485384     
  0.707722384482622146606445312500000000          0.24191388514101478     
  0.708699901588261127471923828125000000          0.24775014637488071     
  0.709677418693900108337402343750000000          0.25359641042451475     
  0.710654935799539089202880859375000000          0.25945245718137960     
  0.711632452905178070068359375000000000          0.26531806616862491     
  0.712609970010817050933837890625000000          0.27119301654938777     
  0.713587487116456031799316406250000000          0.27707708713510631     
  0.714565004222095012664794921875000000          0.28297005639384920     
  0.715542521327733993530273437500000000          0.28887170245865429     
  0.716520038433372974395751953125000000          0.29478180313588304     
  0.717497555539011955261230468750000000          0.30070013591358513     
  0.718475072644650936126708984375000000          0.30662647796987658     
  0.719452589750289916992187500000000000          0.31256060618132880     
  0.720430106855928897857666015625000000          0.31850229713136841     
  0.721407623961567878723144531250000000          0.32445132711868929     
  0.722385141067206859588623046875000000          0.33040747216567512     
  0.723362658172845840454101562500000000          0.33637050802683099     
  0.724340175278484821319580078125000000          0.34234021019722732     
  0.725317692384123802185058593750000000          0.34831635392095134     
  0.726295209489762783050537109375000000          0.35429871419956954     
  0.727272726595401763916015625000000000          0.36028706580059883     
  0.728250243701040744781494140625000000          0.36628118326598602     
  0.729227760806679725646972656250000000          0.37228084092059632     
  0.730205277912318706512451171875000000          0.37828581288071012     
  0.731182795017957687377929687500000000          0.38429587306252716     
  0.732160312123596668243408203125000000          0.39031079519067846     
  0.733137829229235649108886718750000000          0.39633035280674556     
  0.734115346334874629974365234375000000          0.40235431927778648     
  0.735092863440513610839843750000000000          0.40838246780486837     
  0.736070380546152591705322265625000000          0.41441457143160626     
  0.737047897651791572570800781250000000          0.42045040305270798     
  0.738025414757430553436279296875000000          0.42648973542252450     
  0.739002931863069534301757812500000000          0.43253234116360550     
  0.739980448968708515167236328125000000          0.43857799277526016     
  0.740957966074347496032714843750000000          0.44462646264212230     
  0.741935483179986476898193359375000000          0.45067752304271996     
  0.742913000285625457763671875000000000          0.45673094615804916     
  0.743890517391264438629150390625000000          0.46278650408015126     
  0.744868034496903419494628906250000000          0.46884396882069268     
  0.745845551602542400360107421875000000          0.47490311231955007     
  0.746823068708181381225585937500000000          0.48096370645339498     
  0.747800585813820362091064453125000000          0.48702552304428398     
  0.748778102919459342956542968750000000          0.49308833386824841     
  0.749755620025098323822021484375000000          0.49915191066388753     
  0.750733137130737304687500000000000000          0.50521602514096220     
  0.751710654236376285552978515625000000          0.51128044898898972     
  0.752688171342015266418457031250000000          0.51734495388583979     
  0.753665688447654247283935546875000000          0.52340931150633085     
  0.754643205553293228149414062500000000          0.52947329353082595     
  0.755620722658932209014892578125000000          0.53553667165382945     
  0.756598239764571189880371093750000000          0.54159921759258167     
  0.757575756870210170745849609375000000          0.54766070309565495     
  0.758553273975849151611328125000000000          0.55372089995154594     
  0.759530791081488132476806640625000000          0.55977957999726835     
  0.760508308187127113342285156250000000          0.56583651512694266     
  0.761485825292766094207763671875000000          0.57189147730038470     
  0.762463342398405075073242187500000000          0.57794423855169086     
  0.763440859504044055938720703125000000          0.58399457099782115     
  0.764418376609683036804199218750000000          0.59004224684717865     
  0.765395893715322017669677734375000000          0.59608703840818578     
  0.766373410820960998535156250000000000          0.60212871809785673     
  0.767350927926599979400634765625000000          0.60816705845036600     
  0.768328445032238960266113281250000000          0.61420183212561219     
  0.769305962137877941131591796875000000          0.62023281191777735     
  0.770283479243516921997070312500000000          0.62625977076388095     
  0.771260996349155902862548828125000000          0.63228248175232893     
  0.772238513454794883728027343750000000          0.63830071813145661     
  0.773216030560433864593505859375000000          0.64431425331806591     
  0.774193547666072845458984375000000000          0.65032286090595570     
  0.775171064771711826324462890625000000          0.65632631467444669     
  0.776148581877350807189941406250000000          0.66232438859689735     
  0.777126098982989788055419921875000000          0.66831685684921494     
  0.778103616088628768920898437500000000          0.67430349381835641     
  0.779081133194267749786376953125000000          0.68028407411082381     
  0.780058650299906730651855468750000000          0.68625837256114908     
  0.781036167405545711517333984375000000          0.69222616424037242     
  0.782013684511184692382812500000000000          0.69818722446451009     
  0.782991201616823673248291015625000000          0.70414132880301394     
  0.783968718722462654113769531250000000          0.71008825308722079     
  0.784946235828101634979248046875000000          0.71602777341879253     
  0.785923752933740615844726562500000000          0.72195966617814578     
  0.786901270039379596710205078125000000          0.72788370803287095     
  0.787878787145018577575683593750000000          0.73379967594614026     
  0.788856304250657558441162109375000000          0.73970734718510567     
  0.789833821356296539306640625000000000          0.74560649932928402     
  0.790811338461935520172119140625000000          0.75149691027893140     
  0.791788855567574501037597656250000000          0.75737835826340461     
  0.792766372673213481903076171875000000          0.76325062184951142     
  0.793743889778852462768554687500000000          0.76911347994984669     
  0.794721406884491443634033203125000000          0.77496671183111676     
  0.795698923990130424499511718750000000          0.78081009712244953     
  0.796676441095769405364990234375000000          0.78664341582369146     
  0.797653958201408386230468750000000000          0.79246644831369051     
  0.798631475307047367095947265625000000          0.79827897535856451     
  0.799608992412686347961425781250000000          0.80408077811995549     
  0.800586509518325328826904296875000000          0.80987163816326879     
  0.801564026623964309692382812500000000          0.81565133746589680     
  0.802541543729603290557861328125000000          0.82141965842542730     
  0.803519060835242271423339843750000000          0.82717638386783654     
  0.804496577940881252288818359375000000          0.83292129705566531     
  0.805474095046520233154296875000000000          0.83865418169617911     
  0.806451612152159214019775390625000000          0.84437482194951152     
  0.807429129257798194885253906250000000          0.85008300243679025     
  0.808406646363437175750732421875000000          0.85577850824824642     
  0.809384163469076156616210937500000000          0.86146112495130500     
  0.810361680574715137481689453125000000          0.86713063859865924     
  0.811339197680354118347167968750000000          0.87278683573632443     
  0.812316714785993099212646484375000000          0.87842950341167569     
  0.813294231891632080078125000000000000          0.88405842918146393     
  0.814271748997271060943603515625000000          0.88967340111981552     
  0.815249266102910041809082031250000000          0.89527420782621059     
  0.816226783208549022674560546875000000          0.90086063843344222     
  0.817204300314188003540039062500000000          0.90643248261555542     
  0.818181817419826984405517578125000000          0.91198953059576615     
  0.819159334525465965270996093750000000          0.91753157315435863     
  0.820136851631104946136474609375000000          0.92305840163656294     
  0.821114368736743927001953125000000000          0.92856980796041044     
  0.822091885842382907867431640625000000          0.93406558462456846     
  0.823069402948021888732910156250000000          0.93954552471615138     
  0.824046920053660869598388671875000000          0.94500942191851212     
  0.825024437159299850463867187500000000          0.95045707051900929     
  0.826001954264938831329345703125000000          0.95588826541675220     
  0.826979471370577812194824218750000000          0.96130280213032260     
  0.827956988476216793060302734375000000          0.96670047680547344     
  0.828934505581855773925781250000000000          0.97208108622280409     
  0.829912022687494754791259765625000000          0.97744442780541096     
  0.830889539793133735656738281250000000          0.98279029962651510     
  0.831867056898772716522216796875000000          0.98811850041706373     
  0.832844574004411697387695312500000000          0.99342882957330869     
  0.833822091110050678253173828125000000          0.99872108716435870     
  0.834799608215689659118652343750000000           1.0039950739397066     
  0.835777125321328639984130859375000000           1.0092505913367311     
  0.836754642426967620849609375000000000           1.0144874414881726     
  0.837732159532606601715087890625000000           1.0197054272295829     
  0.838709676638245582580566406250000000           1.0249043521067480     
  0.839687193743884563446044921875000000           1.0300840203830850     
  0.840664710849523544311523437500000000           1.0352442370470103     
  0.841642227955162525177001953125000000           1.0403848078192834     
  0.842619745060801506042480468750000000           1.0455055391603201     
  0.843597262166440486907958984375000000           1.0506062382774799     
  0.844574779272079467773437500000000000           1.0556867131323235     
  0.845552296377718448638916015625000000           1.0607467724478448     
  0.846529813483357429504394531250000000           1.0657862257156698     
  0.847507330588996410369873046875000000           1.0708048832032317     
  0.848484847694635391235351562500000000           1.0758025559609126     
  0.849462364800274372100830078125000000           1.0807790558291577     
  0.850439881905913352966308593750000000           1.0857341954455597     
  0.851417399011552333831787109375000000           1.0906677882519131     
  0.852394916117191314697265625000000000           1.0955796485012366     
  0.853372433222830295562744140625000000           1.1004695912647686     
  0.854349950328469276428222656250000000           1.1053374324389276     
  0.855327467434108257293701171875000000           1.1101829887522445     
  0.856304984539747238159179687500000000           1.1150060777722630     
  0.857282501645386219024658203125000000           1.1198065179124075     
  0.858260018751025199890136718750000000           1.1245841284388201     
  0.859237535856664180755615234375000000           1.1293387294771648     
  0.860215052962303161621093750000000000           1.1340701420193995     
  0.861192570067942142486572265625000000           1.1387781879305165     
  0.862170087173581123352050781250000000           1.1434626899552480     
  0.863147604279220104217529296875000000           1.1481234717247406     
  0.864125121384859085083007812500000000           1.1527603577631951     
  0.865102638490498065948486328125000000           1.1573731734944726     
  0.866080155596137046813964843750000000           1.1619617452486684     
  0.867057672701776027679443359375000000           1.1665259002686490     
  0.868035189807415008544921875000000000           1.1710654667165576     
  0.869012706913053989410400390625000000           1.1755802736802836     
  0.869990224018692970275878906250000000           1.1800701511798966     
  0.870967741124331951141357421875000000           1.1845349301740460     
  0.871945258229970932006835937500000000           1.1889744425663262     
  0.872922775335609912872314453125000000           1.1933885212116051     
  0.873900292441248893737792968750000000           1.1977769999223165     
  0.874877809546887874603271484375000000           1.2021397134747174     
  0.875855326652526855468750000000000000           1.2064764976151083     
  0.876832843758165836334228515625000000           1.2107871890660173     
  0.877810360863804817199707031250000000           1.2150716255323479     
  0.878787877969443798065185546875000000           1.2193296457074885     
  0.879765395075082778930664062500000000           1.2235610892793864     
  0.880742912180721759796142578125000000           1.2277657969365827     
  0.881720429286360740661621093750000000           1.2319436103742105     
  0.882697946391999721527099609375000000           1.2360943722999553     
  0.883675463497638702392578125000000000           1.2402179264399764     
  0.884652980603277683258056640625000000           1.2443141175447914     
  0.885630497708916664123535156250000000           1.2483827913951200     
  0.886608014814555644989013671875000000           1.2524237948076917     
  0.887585531920194625854492187500000000           1.2564369756410116     
  0.888563049025833606719970703125000000           1.2604221828010902     
  0.889540566131472587585449218750000000           1.2643792662471298     
  0.890518083237111568450927734375000000           1.2683080769971755     
  0.891495600342750549316406250000000000           1.2722084671337230     
  0.892473117448389530181884765625000000           1.2760802898092882     
  0.893450634554028511047363281250000000           1.2799233992519359     
  0.894428151659667491912841796875000000           1.2837376507707674     
  0.895405668765306472778320312500000000           1.2875229007613691     
  0.896383185870945453643798828125000000           1.2912790067112183     
  0.897360702976584434509277343750000000           1.2950058272050486     
  0.898338220082223415374755859375000000           1.2987032219301753     
  0.899315737187862396240234375000000000           1.3023710516817764     
  0.900293254293501377105712890625000000           1.3060091783681347     
  0.901270771399140357971191406250000000           1.3096174650158374     
  0.902248288504779338836669921875000000           1.3131957757749313     
  0.903225805610418319702148437500000000           1.3167439759240382     
  0.904203322716057300567626953125000000           1.3202619318754287     
  0.905180839821696281433105468750000000           1.3237495111800492     
  0.906158356927335262298583984375000000           1.3272065825325106     
  0.907135874032974243164062500000000000           1.3306330157760298     
  0.908113391138613224029541015625000000           1.3340286819073317     
  0.909090908244252204895019531250000000           1.3373934530815064     
  0.910068425349891185760498046875000000           1.3407272026168204     
  0.911045942455530166625976562500000000           1.3440298049994885     
  0.912023459561169147491455078125000000           1.3473011358883968     
  0.913000976666808128356933593750000000           1.3505410721197870     
  0.913978493772447109222412109375000000           1.3537494917118911     
  0.914956010878086090087890625000000000           1.3569262738695245     
  0.915933527983725070953369140625000000           1.3600712989886348     
  0.916911045089364051818847656250000000           1.3631844486608038     
  0.917888562195003032684326171875000000           1.3662656056777058     
  0.918866079300642013549804687500000000           1.3693146540355206     
  0.919843596406280994415283203125000000           1.3723314789393009     
  0.920821113511919975280761718750000000           1.3753159668072943     
  0.921798630617558956146240234375000000           1.3782680052752192     
  0.922776147723197937011718750000000000           1.3811874832004960     
  0.923753664828836917877197265625000000           1.3840742906664307     
  0.924731181934475898742675781250000000           1.3869283189863539     
  0.925708699040114879608154296875000000           1.3897494607077125     
  0.926686216145753860473632812500000000           1.3925376096161155     
  0.927663733251392841339111328125000000           1.3952926607393319     
  0.928641250357031822204589843750000000           1.3980145103512440     
  0.929618767462670803070068359375000000           1.4007030559757532     
  0.930596284568309783935546875000000000           1.4033581963906350     
  0.931573801673948764801025390625000000           1.4059798316313541     
  0.932551318779587745666503906250000000           1.4085678629948259     
  0.933528835885226726531982421875000000           1.4111221930431319     
  0.934506352990865707397460937500000000           1.4136427256071891     
  0.935483870096504688262939453125000000           1.4161293657903715     
  0.936461387202143669128417968750000000           1.4185820199720818     
  0.937438904307782649993896484375000000           1.4210005958112761     
  0.938416421413421630859375000000000000           1.4233850022499412     
  0.939393938519060611724853515625000000           1.4257351495165220     
  0.940371455624699592590332031250000000           1.4280509491293025     
  0.941348972730338573455810546875000000           1.4303323138997361     
  0.942326489835977554321289062500000000           1.4325791579357290     
  0.943304006941616535186767578125000000           1.4347913966448724     
  0.944281524047255516052246093750000000           1.4369689467376299     
  0.945259041152894496917724609375000000           1.4391117262304709     
  0.946236558258533477783203125000000000           1.4412196544489586     
  0.947214075364172458648681640625000000           1.4432926520307874     
  0.948191592469811439514160156250000000           1.4453306409287696     
  0.949169109575450420379638671875000000           1.4473335444137752     
  0.950146626681089401245117187500000000           1.4493012870776198     
  0.951124143786728382110595703125000000           1.4512337948359049     
  0.952101660892367362976074218750000000           1.4531309949308049     
  0.953079177998006343841552734375000000           1.4549928159338092     
  0.954056695103645324707031250000000000           1.4568191877484089     
  0.955034212209284305572509765625000000           1.4586100416127377     
  0.956011729314923286437988281250000000           1.4603653101021594     
  0.956989246420562267303466796875000000           1.4620849271318079     
  0.957966763526201248168945312500000000           1.4637688279590739     
  0.958944280631840229034423828125000000           1.4654169491860427     
  0.959921797737479209899902343750000000           1.4670292287618820     
  0.960899314843118190765380859375000000           1.4686056059851769     
  0.961876831948757171630859375000000000           1.4701460215062159     
  0.962854349054396152496337890625000000           1.4716504173292249     
  0.963831866160035133361816406250000000           1.4731187368145522     
  0.964809383265674114227294921875000000           1.4745509246807986     
  0.965786900371313095092773437500000000           1.4759469270069003     
  0.966764417476952075958251953125000000           1.4773066912341590     
  0.967741934582591056823730468750000000           1.4786301661682200     
  0.968719451688230037689208984375000000           1.4799173019810004     
  0.969696968793869018554687500000000000           1.4811680502125637     
  0.970674485899507999420166015625000000           1.4823823637729463     
  0.971652003005146980285644531250000000           1.4835601969439292     
  0.972629520110785961151123046875000000           1.4847015053807586     
  0.973607037216424942016601562500000000           1.4858062461138175     
  0.974584554322063922882080078125000000           1.4868743775502413     
  0.975562071427702903747558593750000000           1.4879058594754855     
  0.976539588533341884613037109375000000           1.4889006530548383     
  0.977517105638980865478515625000000000           1.4898587208348839     
  0.978494622744619846343994140625000000           1.4907800267449118     
  0.979472139850258827209472656250000000           1.4916645360982750     
  0.980449656955897808074951171875000000           1.4925122155936967     
  0.981427174061536788940429687500000000           1.4933230333165226     
  0.982404691167175769805908203125000000           1.4940969587399240     
  0.983382208272814750671386718750000000           1.4948339627260461     
  0.984359725378453731536865234375000000           1.4955340175271052     
  0.985337242484092712402343750000000000           1.4961970967864340     
  0.986314759589731693267822265625000000           1.4968231755394728     
  0.987292276695370674133300781250000000           1.4974122302147106     
  0.988269793801009654998779296875000000           1.4979642386345717     
  0.989247310906648635864257812500000000           1.4984791800162516     
  0.990224828012287616729736328125000000           1.4989570349724977     
  0.991202345117926597595214843750000000           1.4993977855123410     
  0.992179862223565578460693359375000000           1.4998014150417736     
  0.993157379329204559326171875000000000           1.5001679083643706     
  0.994134896434843540191650390625000000           1.5004972516818662     
  0.995112413540482521057128906250000000           1.5007894325946711     
  0.996089930646121501922607421875000000           1.5010444401023384     
  0.997067447751760482788085937500000000           1.5012622646039795     
  0.998044964857399463653564453125000000           1.5014428978986254     
  0.999022481963038444519042968750000000           1.5015863331855346     
  0.999999999068677425384521484375000000           1.5016925650644497     
