   0.00000000000000000000000000000000000           1.9975595474243164     
   9.77517105638980865478515625000000000E-0004     1.5668058130985623     
   1.95503421127796173095703125000000000E-0003     1.9658398769842413     
   2.93255131691694259643554687500000000E-0003     1.7477579164096522     
   3.91006842255592346191406250000000000E-0003     1.3670891011538435     
   4.88758552819490432739257812500000000E-0003     1.4801653925835971     
   5.86510263383388519287109375000000000E-0003     1.0730753114297267     
   6.84261973947286605834960937500000000E-0003     1.0044311048782084     
   7.82013684511184692382812500000000000E-0003     1.3458743465454694     
   8.79765395075082778930664062500000000E-0003     1.3407163926776873     
   9.77517105638980865478515625000000000E-0003     1.2160661511437629     
   1.07526881620287895202636718750000000E-0002     1.1308789710718599     
   1.17302052676677703857421875000000000E-0002     1.8978096606559003     
   1.27077223733067512512207031250000000E-0002     1.3835800451574738     
   1.36852394789457321166992187500000000E-0002     1.4417876641288845     
   1.46627565845847129821777343750000000E-0002     1.6576913186689497     
   1.56402736902236938476562500000000000E-0002     1.0112835978772021     
   1.66177907958626747131347656250000000E-0002     1.6454087835161981     
   1.75953079015016555786132812500000000E-0002     1.6403038704040587     
   1.85728250071406364440917968750000000E-0002     1.3161859563595690     
   1.95503421127796173095703125000000000E-0002     1.8481572419342118     
   2.05278592184185981750488281250000000E-0002     1.3929804739651019     
   2.15053763240575790405273437500000000E-0002     1.1977591938344387     
   2.24828934296965599060058593750000000E-0002     1.9585782294308423     
   2.34604105353355407714843750000000000E-0002     1.5875549150883876     
   2.44379276409745216369628906250000000E-0002     1.6612153895361463     
   2.54154447466135025024414062500000000E-0002     1.4441589511749433     
   2.63929618522524833679199218750000000E-0002     1.3162965224315160     
   2.73704789578914642333984375000000000E-0002     1.0856318644712015     
   2.83479960635304450988769531250000000E-0002     1.7396326032356433     
   2.93255131691694259643554687500000000E-0002     1.5887657838503499     
   3.03030302748084068298339843750000000E-0002     1.7009766303887970     
   3.12805473804473876953125000000000000E-0002     1.8780824243307830     
   3.22580644860863685607910156250000000E-0002     1.6377590868400078     
   3.32355815917253494262695312500000000E-0002     1.1289919305438540     
   3.42130986973643302917480468750000000E-0002     1.5892983000460297     
   3.51906158030033111572265625000000000E-0002     1.9543150624834049     
   3.61681329086422920227050781250000000E-0002     1.9734316779930787     
   3.71456500142812728881835937500000000E-0002     1.2296852764621948     
   3.81231671199202537536621093750000000E-0002     1.5223138177165825     
   3.91006842255592346191406250000000000E-0002     1.6290204624370355     
   4.00782013311982154846191406250000000E-0002     1.5224659866317505     
   4.10557184368371963500976562500000000E-0002     1.9446723656376768     
   4.20332355424761772155761718750000000E-0002     1.8672505020083792     
   4.30107526481151580810546875000000000E-0002     1.6216303542769404     
   4.39882697537541389465332031250000000E-0002     1.6909063182136235     
   4.49657868593931198120117187500000000E-0002     1.3628089117562738     
   4.59433039650321006774902343750000000E-0002     1.8872509376132443     
   4.69208210706710815429687500000000000E-0002     1.1046919270399771     
   4.78983381763100624084472656250000000E-0002     1.6295834146664063     
   4.88758552819490432739257812500000000E-0002     1.7228297806270112     
   4.98533723875880241394042968750000000E-0002     1.2906633917020507     
   5.08308894932270050048828125000000000E-0002     1.0652491783794606     
   5.18084065988659858703613281250000000E-0002     1.5618532139537495     
   5.27859237045049667358398437500000000E-0002     1.7661191375007261     
   5.37634408101439476013183593750000000E-0002     1.8905788884328363     
   5.47409579157829284667968750000000000E-0002     1.6725595821066925     
   5.57184750214219093322753906250000000E-0002     1.4369460086757959     
   5.66959921270608901977539062500000000E-0002     1.3120195422367820     
   5.76735092326998710632324218750000000E-0002     1.3565640325310084     
   5.86510263383388519287109375000000000E-0002     1.4857663238357279     
   5.96285434439778327941894531250000000E-0002     1.9285525019283301     
   6.06060605496168136596679687500000000E-0002     1.9187627588522003     
   6.15835776552557945251464843750000000E-0002     1.6723774714238309     
   6.25610947608947753906250000000000000E-0002     1.8774916999783766     
   6.35386118665337562561035156250000000E-0002     1.0146373443188352     
   6.45161289721727371215820312500000000E-0002     1.6529815713898786     
   6.54936460778117179870605468750000000E-0002     1.6682801395924134     
   6.64711631834506988525390625000000000E-0002     1.8608929861100219     
   6.74486802890896797180175781250000000E-0002     1.6177124037853754     
   6.84261973947286605834960937500000000E-0002     1.7228028397579167     
   6.94037145003676414489746093750000000E-0002     1.4650105250913339     
   7.03812316060066223144531250000000000E-0002    0.96551025011097591     
   7.13587487116456031799316406250000000E-0002     1.3815400603115919     
   7.23362658172845840454101562500000000E-0002     1.4961696064779753     
   7.33137829229235649108886718750000000E-0002     1.0332984137623138     
   7.42913000285625457763671875000000000E-0002     1.4804146159066047     
   7.52688171342015266418457031250000000E-0002     1.4102068364948961     
   7.62463342398405075073242187500000000E-0002     1.7733025669973217     
   7.72238513454794883728027343750000000E-0002     1.1883865034436942     
   7.82013684511184692382812500000000000E-0002     1.5513524462341064     
   7.91788855567574501037597656250000000E-0002     1.5437207276747040     
   8.01564026623964309692382812500000000E-0002     1.3795099217971940     
   8.11339197680354118347167968750000000E-0002     1.1344274561939920     
   8.21114368736743927001953125000000000E-0002    0.94639823368761078     
   8.30889539793133735656738281250000000E-0002    0.96804196825629052     
   8.40664710849523544311523437500000000E-0002     1.4129789010674596     
   8.50439881905913352966308593750000000E-0002     1.2361864222156482     
   8.60215052962303161621093750000000000E-0002    0.87260683496218661     
   8.69990224018692970275878906250000000E-0002     1.6471962577655368     
   8.79765395075082778930664062500000000E-0002     1.4719496253258593     
   8.89540566131472587585449218750000000E-0002     1.6214348415651125     
   8.99315737187862396240234375000000000E-0002     1.7981391994337352     
   9.09090908244252204895019531250000000E-0002    0.95549812417309465     
   9.18866079300642013549804687500000000E-0002     1.1563799779411079     
   9.28641250357031822204589843750000000E-0002     1.4313691623198990     
   9.38416421413421630859375000000000000E-0002    0.87930270316517833     
   9.48191592469811439514160156250000000E-0002    0.94192475823847188     
   9.57966763526201248168945312500000000E-0002     1.0402218113131554     
   9.67741934582591056823730468750000000E-0002    0.92133708276069703     
   9.77517105638980865478515625000000000E-0002    0.89058137091535994     
   9.87292276695370674133300781250000000E-0002     1.0605463137689077     
   9.97067447751760482788085937500000000E-0002     1.2534831864967173     
  0.100684261880815029144287109375000000           1.0148502623497853     
  0.101661778986454010009765625000000000           1.3698343952530778     
  0.102639296092092990875244140625000000          0.82347154039212356     
  0.103616813197731971740722656250000000           1.2157426175501067     
  0.104594330303370952606201171875000000           1.1895680222301079     
  0.105571847409009933471679687500000000           1.7645334452375372     
  0.106549364514648914337158203125000000           1.4767564035700476     
  0.107526881620287895202636718750000000          0.78526844351428726     
  0.108504398725926876068115234375000000          0.90639046250557875     
  0.109481915831565856933593750000000000          0.81936171217041698     
  0.110459432937204837799072265625000000           1.6084480479852892     
  0.111436950042843818664550781250000000           1.4432160105013094     
  0.112414467148482799530029296875000000           1.3427060350058562     
  0.113391984254121780395507812500000000           1.4902804572885961     
  0.114369501359760761260986328125000000          0.86876810496731516     
  0.115347018465399742126464843750000000           1.5889673697440354     
  0.116324535571038722991943359375000000           1.5795778384875381     
  0.117302052676677703857421875000000000           1.4870043489183551     
  0.118279569782316684722900390625000000           1.5795269663142277     
  0.119257086887955665588378906250000000           1.2609954486646222     
  0.120234603993594646453857421875000000           1.3934437972553519     
  0.121212121099233627319335937500000000           1.4544710163786756     
  0.122189638204872608184814453125000000           1.1300866724475052     
  0.123167155310511589050292968750000000           1.0709248570211609     
  0.124144672416150569915771484375000000           1.4462741283581595     
  0.125122189521789550781250000000000000           1.1778817969364004     
  0.126099706627428531646728515625000000           1.1648299120231171     
  0.127077223733067512512207031250000000           1.4575100736995055     
  0.128054740838706493377685546875000000           1.3958653795517528     
  0.129032257944345474243164062500000000          0.94693319695788924     
  0.130009775049984455108642578125000000           1.6222077934487860     
  0.130987292155623435974121093750000000           1.1361159741377533     
  0.131964809261262416839599609375000000           1.4839856195216519     
  0.132942326366901397705078125000000000           1.5798028675957783     
  0.133919843472540378570556640625000000           1.3612645850083296     
  0.134897360578179359436035156250000000          0.88128449059672453     
  0.135874877683818340301513671875000000           1.5121335801094982     
  0.136852394789457321166992187500000000           1.3969339854908456     
  0.137829911895096302032470703125000000          0.94898395227196908     
  0.138807429000735282897949218750000000           1.3151486667434285     
  0.139784946106374263763427734375000000           1.2571791231550744     
  0.140762463212013244628906250000000000           1.6012995284373086     
  0.141739980317652225494384765625000000           1.6192021585519489     
  0.142717497423291206359863281250000000          0.96218261668327054     
  0.143695014528930187225341796875000000           1.5401329868033087     
  0.144672531634569168090820312500000000          0.95360541322437542     
  0.145650048740208148956298828125000000           1.5406187340646547     
  0.146627565845847129821777343750000000           1.1513238965283441     
  0.147605082951486110687255859375000000           1.0654052706804795     
  0.148582600057125091552734375000000000          0.77188142210692379     
  0.149560117162764072418212890625000000          0.96801369125690684     
  0.150537634268403053283691406250000000          0.76027022703968539     
  0.151515151374042034149169921875000000          0.93691578955950661     
  0.152492668479681015014648437500000000           1.2407199872797090     
  0.153470185585319995880126953125000000           1.1885571438826832     
  0.154447702690958976745605468750000000           1.0338979893752560     
  0.155425219796597957611083984375000000          0.87612410176243283     
  0.156402736902236938476562500000000000          0.82365258755930415     
  0.157380254007875919342041015625000000          0.74957336987738699     
  0.158357771113514900207519531250000000          0.95993884982483790     
  0.159335288219153881072998046875000000           1.5186520166599939     
  0.160312805324792861938476562500000000           1.0773785738483577     
  0.161290322430431842803955078125000000          0.65848297564201308     
  0.162267839536070823669433593750000000           1.3284840826470492     
  0.163245356641709804534912109375000000           1.3643214839520832     
  0.164222873747348785400390625000000000           1.2222717344751071     
  0.165200390852987766265869140625000000           1.0369312016929364     
  0.166177907958626747131347656250000000           1.1664987275485488     
  0.167155425064265727996826171875000000           1.3980781053265021     
  0.168132942169904708862304687500000000           1.4331653023169029     
  0.169110459275543689727783203125000000          0.60106491698404474     
  0.170087976381182670593261718750000000           1.3479375274581109     
  0.171065493486821651458740234375000000           1.1082451089317262     
  0.172043010592460632324218750000000000          0.71325397001552981     
  0.173020527698099613189697265625000000          0.62543341577447653     
  0.173998044803738594055175781250000000          0.48082719957484238     
  0.174975561909377574920654296875000000          0.64438207103105949     
  0.175953079015016555786132812500000000          0.76098759094700164     
  0.176930596120655536651611328125000000           1.2527975581766482     
  0.177908113226294517517089843750000000           1.0113542571672494     
  0.178885630331933498382568359375000000           1.2583656572198447     
  0.179863147437572479248046875000000000          0.71301284894763273     
  0.180840664543211460113525390625000000          0.58150963508459841     
  0.181818181648850440979003906250000000          0.74633994626817768     
  0.182795698754489421844482421875000000          0.67567451659896771     
  0.183773215860128402709960937500000000          0.94899211900342362     
  0.184750732965767383575439453125000000          0.95210590332633138     
  0.185728250071406364440917968750000000          0.41456000610599569     
  0.186705767177045345306396484375000000          0.53603800832227844     
  0.187683284282684326171875000000000000          0.48652345069695185     
  0.188660801388323307037353515625000000          0.99014962139774831     
  0.189638318493962287902832031250000000          0.77652837005998543     
  0.190615835599601268768310546875000000           1.2660532593859910     
  0.191593352705240249633789062500000000           1.3016369403963928     
  0.192570869810879230499267578125000000          0.50967902694896772     
  0.193548386916518211364746093750000000           1.2842655004469847     
  0.194525904022157192230224609375000000          0.47701302011469848     
  0.195503421127796173095703125000000000          0.70704323577144945     
  0.196480938233435153961181640625000000          0.65148062727429557     
  0.197458455339074134826660156250000000           1.0391295245827252     
  0.198435972444713115692138671875000000           1.0480566983304018     
  0.199413489550352096557617187500000000          0.69111336775910515     
  0.200391006655991077423095703125000000           1.1356148781968731     
  0.201368523761630058288574218750000000           1.2544931687773695     
  0.202346040867269039154052734375000000          0.60338498539849228     
  0.203323557972908020019531250000000000          0.86883216614876946     
  0.204301075078547000885009765625000000          0.51665536432910586     
  0.205278592184185981750488281250000000           1.1217141826645474     
  0.206256109289824962615966796875000000          0.52953696932404393     
  0.207233626395463943481445312500000000           1.1052316622380784     
  0.208211143501102924346923828125000000          0.79721781709776951     
  0.209188660606741905212402343750000000          0.87519564821711926     
  0.210166177712380886077880859375000000          0.73850416136378172     
  0.211143694818019866943359375000000000          0.52656665317078200     
  0.212121211923658847808837890625000000          0.47131914740735192     
  0.213098729029297828674316406250000000          0.88116667234090873     
  0.214076246134936809539794921875000000          0.83097521171733701     
  0.215053763240575790405273437500000000          0.61596041906599552     
  0.216031280346214771270751953125000000           1.0606107429582343     
  0.217008797451853752136230468750000000          0.84342652554775921     
  0.217986314557492733001708984375000000          0.45861865387587725     
  0.218963831663131713867187500000000000          0.55260449577985027     
  0.219941348768770694732666015625000000          0.74957448971664209     
  0.220918865874409675598144531250000000          0.30317666738313387     
  0.221896382980048656463623046875000000           1.1541344968586364     
  0.222873900085687637329101562500000000          0.55282174841432508     
  0.223851417191326618194580078125000000          0.88425807183999683     
  0.224828934296965599060058593750000000          0.51576107411032823     
  0.225806451402604579925537109375000000           1.0613104427206781     
  0.226783968508243560791015625000000000          0.68904222840093454     
  0.227761485613882541656494140625000000           1.0989509859149846     
  0.228739002719521522521972656250000000           1.0626638343014001     
  0.229716519825160503387451171875000000          0.76042211103196133     
  0.230694036930799484252929687500000000          0.41661577771131142     
  0.231671554036438465118408203125000000          0.28964735220101234     
  0.232649071142077445983886718750000000          0.95138304043154998     
  0.233626588247716426849365234375000000          0.72128662368461027     
  0.234604105353355407714843750000000000          0.80247850437601975     
  0.235581622458994388580322265625000000          0.33291058512115124     
  0.236559139564633369445800781250000000          0.88231325921618686     
  0.237536656670272350311279296875000000          0.46924466361632439     
  0.238514173775911331176757812500000000          0.18206539845145381     
  0.239491690881550312042236328125000000          0.81966682186684237     
  0.240469207987189292907714843750000000           8.9646301498335884E-002
  0.241446725092828273773193359375000000          0.75437793322889901     
  0.242424242198467254638671875000000000          0.57278649223351130     
  0.243401759304106235504150390625000000          0.79400710809174857     
  0.244379276409745216369628906250000000          0.68298778429123097     
  0.245356793515384197235107421875000000          0.90025598166157916     
  0.246334310621023178100585937500000000          0.85375267712727743     
  0.247311827726662158966064453125000000          0.97407117566869550     
  0.248289344832301139831542968750000000          0.23301680460351204     
  0.249266861937940120697021484375000000          0.58410043765253117     
  0.250244379043579101562500000000000000          0.98922629581518973     
  0.251221896149218082427978515625000000          0.83229125966626827     
  0.252199413254857063293457031250000000          0.16098785978370447     
  0.253176930360496044158935546875000000          0.68958310488392716     
  0.254154447466135025024414062500000000          0.27545177553717609     
  0.255131964571774005889892578125000000          -7.1966833699227337E-003
  0.256109481677412986755371093750000000          0.87836336163363815     
  0.257086998783051967620849609375000000          0.64429362347509611     
  0.258064515888690948486328125000000000          0.70610993528159471     
  0.259042032994329929351806640625000000          0.87594709240483726     
  0.260019550099968910217285156250000000          -7.9018962601285631E-003
  0.260997067205607891082763671875000000          0.42990962275807909     
  0.261974584311246871948242187500000000          -1.5667276496756630E-002
  0.262952101416885852813720703125000000           9.0576732541598176E-002
  0.263929618522524833679199218750000000          0.60095265756486638     
  0.264907135628163814544677734375000000          0.21309447272471643     
  0.265884652733802795410156250000000000          0.63555089499505601     
  0.266862169839441776275634765625000000          0.64641966532177464     
  0.267839686945080757141113281250000000          0.28386688149978684     
  0.268817204050719738006591796875000000          -3.0170356533842937E-002
  0.269794721156358718872070312500000000          -7.5089187053589718E-002
  0.270772238261997699737548828125000000          0.64921761026668101     
  0.271749755367636680603027343750000000          0.54454523527475573     
  0.272727272473275661468505859375000000          0.16925646118058513     
  0.273704789578914642333984375000000000          0.37437447617283648     
  0.274682306684553623199462890625000000          0.35133520417668684     
  0.275659823790192604064941406250000000          0.27799955145391037     
  0.276637340895831584930419921875000000          0.42105359027191225     
  0.277614858001470565795898437500000000          0.12468659701536747     
  0.278592375107109546661376953125000000          0.11621452391450632     
  0.279569892212748527526855468750000000         -0.11094025033025931     
  0.280547409318387508392333984375000000          0.78418836915787327     
  0.281524926424026489257812500000000000          0.53137973421024576     
  0.282502443529665470123291015625000000          0.55528944999163654     
  0.283479960635304450988769531250000000          0.10036485560539390     
  0.284457477740943431854248046875000000           3.1684388613528736E-002
  0.285434994846582412719726562500000000           3.6078915289391833E-002
  0.286412511952221393585205078125000000          0.39126827865142955     
  0.287390029057860374450683593750000000          0.70501617373312642     
  0.288367546163499355316162109375000000          0.75344158136660089     
  0.289345063269138336181640625000000000          -1.9881381171298701E-002
  0.290322580374777317047119140625000000          0.69663287766591675     
  0.291300097480416297912597656250000000          0.59119316236768915     
  0.292277614586055278778076171875000000          0.43760269273145042     
  0.293255131691694259643554687500000000          0.28599885471628944     
  0.294232648797333240509033203125000000          0.16722739457971442     
  0.295210165902972221374511718750000000          -3.1075697223455767E-002
  0.296187683008611202239990234375000000          0.61151474011321649     
  0.297165200114250183105468750000000000         -0.14629783939302593     
  0.298142717219889163970947265625000000          0.13669735400754307     
  0.299120234325528144836425781250000000          0.15362251139774374     
  0.300097751431167125701904296875000000          -2.1908763910971629E-004
  0.301075268536806106567382812500000000          0.16549071813575511     
  0.302052785642445087432861328125000000          0.36848636645230498     
  0.303030302748084068298339843750000000          0.48373231416103307     
  0.304007819853723049163818359375000000           5.9299986058139131E-002
  0.304985336959362030029296875000000000          -4.5501083460141034E-002
  0.305962854065001010894775390625000000          0.23155567892313245     
  0.306940371170639991760253906250000000          0.37515984586370110     
  0.307917888276278972625732421875000000         -0.21315500011972693     
  0.308895405381917953491210937500000000          -2.8105822985307782E-002
  0.309872922487556934356689453125000000         -0.20699081163922101     
  0.310850439593195915222167968750000000          0.16150825379945821     
  0.311827956698834896087646484375000000          0.34454783188182514     
  0.312805473804473876953125000000000000         -0.15627421979765604     
  0.313782990910112857818603515625000000         -0.19111065644244257     
  0.314760508015751838684082031250000000          0.57685462920732622     
  0.315738025121390819549560546875000000          0.59217343731110650     
  0.316715542227029800415039062500000000         -0.32506372575534914     
  0.317693059332668781280517578125000000         -0.16173754654741218     
  0.318670576438307762145996093750000000         -0.20235610163064760     
  0.319648093543946743011474609375000000         -0.22799900899030634     
  0.320625610649585723876953125000000000          0.42093390138272152     
  0.321603127755224704742431640625000000         -0.39018784104003801     
  0.322580644860863685607910156250000000          0.42352842444937289     
  0.323558161966502666473388671875000000         -0.37876486022245587     
  0.324535679072141647338867187500000000          -2.4070346471841697E-002
  0.325513196177780628204345703125000000         -0.31954093296980557     
  0.326490713283419609069824218750000000         -0.34322708630189080     
  0.327468230389058589935302734375000000         -0.16180241594619588     
  0.328445747494697570800781250000000000          0.14006530254076310     
  0.329423264600336551666259765625000000          0.18508972022490233     
  0.330400781705975532531738281250000000          0.41195258375505855     
  0.331378298811614513397216796875000000          0.26435637674705620     
  0.332355815917253494262695312500000000          0.13520039761875852     
  0.333333333022892475128173828125000000         -0.27901055902489819     
  0.334310850128531455993652343750000000          -2.1470824572823011E-002
  0.335288367234170436859130859375000000          0.10442166894475469     
  0.336265884339809417724609375000000000          0.47178879993195078     
  0.337243401445448398590087890625000000           3.8065838705445998E-002
  0.338220918551087379455566406250000000         -0.15546990604389854     
  0.339198435656726360321044921875000000         -0.19397151863211148     
  0.340175952762365341186523437500000000          0.20866659192785686     
  0.341153469868004322052001953125000000           2.7804418980942436E-002
  0.342130986973643302917480468750000000          -9.0945364113236393E-002
  0.343108504079282283782958984375000000           9.5976737877037532E-002
  0.344086021184921264648437500000000000          0.12627306169775521     
  0.345063538290560245513916015625000000         -0.39202158913490592     
  0.346041055396199226379394531250000000         -0.29441381948299750     
  0.347018572501838207244873046875000000         -0.13176390274495164     
  0.347996089607477188110351562500000000         -0.11982919736288400     
  0.348973606713116168975830078125000000         -0.18729762270562966     
  0.349951123818755149841308593750000000          0.10079882583316402     
  0.350928640924394130706787109375000000         -0.29360557418450273     
  0.351906158030033111572265625000000000         -0.39220344813613139     
  0.352883675135672092437744140625000000         -0.41006062551994649     
  0.353861192241311073303222656250000000         -0.18823624808951356     
  0.354838709346950054168701171875000000           7.8540659723770445E-002
  0.355816226452589035034179687500000000         -0.47639442609005078     
  0.356793743558228015899658203125000000         -0.47803065351988483     
  0.357771260663866996765136718750000000           3.5893061263958526E-002
  0.358748777769505977630615234375000000          -5.5670239889361484E-002
  0.359726294875144958496093750000000000          0.13885394632281134     
  0.360703811980783939361572265625000000          0.13447287777498818     
  0.361681329086422920227050781250000000          0.11982744648059651     
  0.362658846192061901092529296875000000          0.22630542121144304     
  0.363636363297700881958007812500000000         -0.55564555993619436     
  0.364613880403339862823486328125000000         -0.32497308483936160     
  0.365591397508978843688964843750000000          -1.8999595441141937E-002
  0.366568914614617824554443359375000000         -0.53705452076429272     
  0.367546431720256805419921875000000000          0.13431674919761938     
  0.368523948825895786285400390625000000         -0.13588345034618354     
  0.369501465931534767150878906250000000         -0.41650641950195100     
  0.370478983037173748016357421875000000         -0.22786155584460788     
  0.371456500142812728881835937500000000         -0.18026311927477889     
  0.372434017248451709747314453125000000         -0.19077942330934061     
  0.373411534354090690612792968750000000          0.26176091119291489     
  0.374389051459729671478271484375000000         -0.15415070549693022     
  0.375366568565368652343750000000000000         -0.51910340285362466     
  0.376344085671007633209228515625000000         -0.51193288575613249     
  0.377321602776646614074707031250000000         -0.46860688962534780     
  0.378299119882285594940185546875000000          0.24848130865590901     
  0.379276636987924575805664062500000000           5.0543539445125907E-002
  0.380254154093563556671142578125000000         -0.45735910235166988     
  0.381231671199202537536621093750000000         -0.23729233341204192     
  0.382209188304841518402099609375000000         -0.33964725273143925     
  0.383186705410480499267578125000000000         -0.12923041521465972     
  0.384164222516119480133056640625000000         -0.66135805375055023     
  0.385141739621758460998535156250000000          -1.3696296331376145E-002
  0.386119256727397441864013671875000000          0.10812733081710779     
  0.387096773833036422729492187500000000         -0.41772177471813521     
  0.388074290938675403594970703125000000          -6.8302408566645489E-002
  0.389051808044314384460449218750000000         -0.12481757110056668     
  0.390029325149953365325927734375000000         -0.68513382702894088     
  0.391006842255592346191406250000000000          -6.6544791311848872E-002
  0.391984359361231327056884765625000000         -0.18593974593769869     
  0.392961876466870307922363281250000000         -0.54945382980533153     
  0.393939393572509288787841796875000000         -0.71085404270062880     
  0.394916910678148269653320312500000000         -0.46549776619126004     
  0.395894427783787250518798828125000000          0.11950573639078055     
  0.396871944889426231384277343750000000         -0.59302127799474413     
  0.397849461995065212249755859375000000         -0.34823221527197268     
  0.398826979100704193115234375000000000          -7.7488373010192291E-002
  0.399804496206343173980712890625000000         -0.77993524009645154     
  0.400782013311982154846191406250000000         -0.29486431171650906     
  0.401759530417621135711669921875000000          -4.7803203476670664E-002
  0.402737047523260116577148437500000000           7.5360536869285344E-002
  0.403714564628899097442626953125000000          0.12197727067784425     
  0.404692081734538078308105468750000000         -0.53618427590461981     
  0.405669598840177059173583984375000000         -0.29797113441387779     
  0.406647115945816040039062500000000000         -0.60002653688285335     
  0.407624633051455020904541015625000000         -0.52345934181088238     
  0.408602150157094001770019531250000000         -0.69806688019976249     
  0.409579667262732982635498046875000000         -0.50032787643411702     
  0.410557184368371963500976562500000000         -0.69266947566424797     
  0.411534701474010944366455078125000000          -2.3796667691922124E-004
  0.412512218579649925231933593750000000          0.11937160384215029     
  0.413489735685288906097412109375000000         -0.41494784164938092     
  0.414467252790927886962890625000000000          -8.4590890871777291E-002
  0.415444769896566867828369140625000000         -0.40594584089692887     
  0.416422287002205848693847656250000000          -7.5512028724755709E-004
  0.417399804107844829559326171875000000         -0.14034330643028792     
  0.418377321213483810424804687500000000         -0.23401257804254216     
  0.419354838319122791290283203125000000         -0.15030674372299235     
  0.420332355424761772155761718750000000         -0.27309736494707715     
  0.421309872530400753021240234375000000         -0.85394668684564567     
  0.422287389636039733886718750000000000         -0.59037288793833165     
  0.423264906741678714752197265625000000         -0.68881165850686532     
  0.424242423847317695617675781250000000           5.9827580776687816E-002
  0.425219940952956676483154296875000000         -0.35978591436627738     
  0.426197458058595657348632812500000000         -0.88403689510206374     
  0.427174975164234638214111328125000000         -0.44499074407285177     
  0.428152492269873619079589843750000000           6.3760164869600677E-002
  0.429130009375512599945068359375000000           8.3632793068459499E-002
  0.430107526481151580810546875000000000         -0.56420040243482072     
  0.431085043586790561676025390625000000           5.1583490545482613E-002
  0.432062560692429542541503906250000000         -0.58355979791718748     
  0.433040077798068523406982421875000000         -0.20856069464639626     
  0.434017594903707504272460937500000000         -0.12483717039028552     
  0.434995112009346485137939453125000000         -0.19417794047061476     
  0.435972629114985466003417968750000000         -0.19120797515465326     
  0.436950146220624446868896484375000000         -0.47716917936143499     
  0.437927663326263427734375000000000000         -0.54312446180277874     
  0.438905180431902408599853515625000000          -4.9967211927396393E-003
  0.439882697537541389465332031250000000         -0.18108081247944274     
  0.440860214643180370330810546875000000         -0.50502171915062666     
  0.441837731748819351196289062500000000         -0.71653707835667380     
  0.442815248854458332061767578125000000         -0.20672804774654197     
  0.443792765960097312927246093750000000         -0.14136853295656937     
  0.444770283065736293792724609375000000         -0.38196682263096815     
  0.445747800171375274658203125000000000          -5.7044518135260791E-002
  0.446725317277014255523681640625000000         -0.56137103110642705     
  0.447702834382653236389160156250000000         -0.70570004747944182     
  0.448680351488292217254638671875000000         -0.63337768226388325     
  0.449657868593931198120117187500000000         -0.51748466332744958     
  0.450635385699570178985595703125000000         -0.90429933503416016     
  0.451612902805209159851074218750000000         -0.53005885390673768     
  0.452590419910848140716552734375000000         -0.21863213985076702     
  0.453567937016487121582031250000000000          -8.4958217774921296E-002
  0.454545454122126102447509765625000000         -0.65150522962510893     
  0.455522971227765083312988281250000000         -0.11788697863368547     
  0.456500488333404064178466796875000000         -0.14678855607670360     
  0.457478005439043045043945312500000000         -0.55771964337366953     
  0.458455522544682025909423828125000000         -0.10113549855156767     
  0.459433039650321006774902343750000000         -0.11544006093393133     
  0.460410556755959987640380859375000000         -0.45713884420953010     
  0.461388073861598968505859375000000000         -0.19430059300503433     
  0.462365590967237949371337890625000000         -0.47931185670921439     
  0.463343108072876930236816406250000000         -0.76873879491406139     
  0.464320625178515911102294921875000000         -0.52984535063463500     
  0.465298142284154891967773437500000000         -0.54276859334773564     
  0.466275659389793872833251953125000000         -0.92292082670948106     
  0.467253176495432853698730468750000000         -0.27841058140847963     
  0.468230693601071834564208984375000000          -6.0905833475190962E-002
  0.469208210706710815429687500000000000         -0.59232907693464643     
  0.470185727812349796295166015625000000         -0.73362656418754224     
  0.471163244917988777160644531250000000         -0.61728310465315117     
  0.472140762023627758026123046875000000           1.3945335016926075E-002
  0.473118279129266738891601562500000000         -0.32369023614734338     
  0.474095796234905719757080078125000000         -0.80704879968353183     
  0.475073313340544700622558593750000000         -0.11538383592654888     
  0.476050830446183681488037109375000000         -0.74474179155082487     
  0.477028347551822662353515625000000000         -0.87320950798890673     
  0.478005864657461643218994140625000000         -0.17224668565093415     
  0.478983381763100624084472656250000000         -0.45565326921797689     
  0.479960898868739604949951171875000000          -4.0298944778291990E-003
  0.480938415974378585815429687500000000         -0.57653049376441978     
  0.481915933080017566680908203125000000         -0.18535330805534111     
  0.482893450185656547546386718750000000         -0.75429061298228917     
  0.483870967291295528411865234375000000          -2.4610958173817088E-002
  0.484848484396934509277343750000000000         -0.61915353189939593     
  0.485826001502573490142822265625000000         -0.36263630993125773     
  0.486803518608212471008300781250000000         -0.85966464767400597     
  0.487781035713851451873779296875000000         -0.22858169968675213     
  0.488758552819490432739257812500000000         -0.89630750383227265     
  0.489736069925129413604736328125000000         -0.44597490609383827     
  0.490713587030768394470214843750000000         -0.16664645043410309     
  0.491691104136407375335693359375000000         -0.62137877040870138     
  0.492668621242046356201171875000000000         -0.13117141595663973     
  0.493646138347685337066650390625000000         -0.37454088284642872     
  0.494623655453324317932128906250000000         -0.44711578031338317     
  0.495601172558963298797607421875000000         -0.78800769020611605     
  0.496578689664602279663085937500000000         -0.17704920695725823     
  0.497556206770241260528564453125000000         -0.63628015555934381     
  0.498533723875880241394042968750000000         -0.76943538262642586     
  0.499511240981519222259521484375000000         -0.67088095892033017     
  0.500488758087158203125000000000000000         -0.31990265963259223     
  0.501466275192797183990478515625000000         -0.57091256362004594     
  0.502443792298436164855957031250000000         -0.54757731640149698     
  0.503421309404075145721435546875000000          -7.2160578869064351E-002
  0.504398826509714126586914062500000000         -0.55338696132814291     
  0.505376343615353107452392578125000000         -0.33218043444694911     
  0.506353860720992088317871093750000000         -0.21834961720872947     
  0.507331377826631069183349609375000000         -0.20811224581026577     
  0.508308894932270050048828125000000000         -0.80089749652608500     
  0.509286412037909030914306640625000000         -0.74191900855049109     
  0.510263929143548011779785156250000000         -0.32111697307794673     
  0.511241446249186992645263671875000000          -9.8975873266121228E-002
  0.512218963354825973510742187500000000         -0.62204051502377611     
  0.513196480460464954376220703125000000         -0.97652808040449279     
  0.514173997566103935241699218750000000         -0.59403498624097761     
  0.515151514671742916107177734375000000          -4.5096658025373104E-003
  0.516129031777381896972656250000000000          -2.0120082927781779E-002
  0.517106548883020877838134765625000000          -2.3951570807084432E-002
  0.518084065988659858703613281250000000          -2.4714716770237732E-002
  0.519061583094298839569091796875000000         -0.61810981035606816     
  0.520039100199937820434570312500000000         -0.89480019240586328     
  0.521016617305576801300048828125000000         -0.24057081533838542     
  0.521994134411215782165527343750000000         -0.16595688952254950     
  0.522971651516854763031005859375000000         -0.26515726914437132     
  0.523949168622493743896484375000000000         -0.62164775539029971     
  0.524926685728132724761962890625000000         -0.36570869816488860     
  0.525904202833771705627441406250000000         -0.68046145648914058     
  0.526881719939410686492919921875000000         -0.68449332268206253     
  0.527859237045049667358398437500000000         -0.30833714806117996     
  0.528836754150688648223876953125000000         -0.15356703557567686     
  0.529814271256327629089355468750000000         -0.42618204303671126     
  0.530791788361966609954833984375000000         -0.42189849859896067     
  0.531769305467605590820312500000000000         -0.65234018630589485     
  0.532746822573244571685791015625000000         -0.24820356730241722     
  0.533724339678883552551269531250000000         -0.81938147377618087     
  0.534701856784522533416748046875000000         -0.44344910091063328     
  0.535679373890161514282226562500000000         -0.19078295391231803     
  0.536656890995800495147705078125000000         -0.75781174017133335     
  0.537634408101439476013183593750000000         -0.64685967580085824     
  0.538611925207078456878662109375000000         -0.46926566822185345     
  0.539589442312717437744140625000000000         -0.74630427944839317     
  0.540566959418356418609619140625000000         -0.50119324390022846     
  0.541544476523995399475097656250000000         -0.77932620546502207     
  0.542521993629634380340576171875000000         -0.76941254188658315     
  0.543499510735273361206054687500000000         -0.75596352217993423     
  0.544477027840912342071533203125000000          -5.5400180545656319E-002
  0.545454544946551322937011718750000000         -0.15957492328970446     
  0.546432062052190303802490234375000000         -0.22279690895560600     
  0.547409579157829284667968750000000000         -0.54061267557269499     
  0.548387096263468265533447265625000000         -0.14315219997598161     
  0.549364613369107246398925781250000000           3.6090656143836664E-002
  0.550342130474746227264404296875000000         -0.45927068380845704     
  0.551319647580385208129882812500000000         -0.72914589482147241     
  0.552297164686024188995361328125000000         -0.18461630412278573     
  0.553274681791663169860839843750000000          -3.7189723443956879E-002
  0.554252198897302150726318359375000000         -0.35282454932138407     
  0.555229716002941131591796875000000000          -6.9771936669812962E-002
  0.556207233108580112457275390625000000         -0.89967822244734796     
  0.557184750214219093322753906250000000           1.8902983655922911E-003
  0.558162267319858074188232421875000000         -0.88706331076725742     
  0.559139784425497055053710937500000000          -3.4671568254021845E-002
  0.560117301531136035919189453125000000         -0.90976019585062151     
  0.561094818636775016784667968750000000           7.2020949964965220E-002
  0.562072335742413997650146484375000000           5.5291188352039833E-002
  0.563049852848052978515625000000000000         -0.31089128574384550     
  0.564027369953691959381103515625000000         -0.33259808092032395     
  0.565004887059330940246582031250000000           4.4510181242995994E-002
  0.565982404164969921112060546875000000          -2.1866886451843537E-002
  0.566959921270608901977539062500000000         -0.71057740486198340     
  0.567937438376247882843017578125000000         -0.89753681649387396     
  0.568914955481886863708496093750000000         -0.65271951986862597     
  0.569892472587525844573974609375000000          -1.4687670959609322E-002
  0.570869989693164825439453125000000000         -0.63291247177447296     
  0.571847506798803806304931640625000000          -1.0805254888959559E-002
  0.572825023904442787170410156250000000         -0.37798467008485770     
  0.573802541010081768035888671875000000         -0.52719217735768842     
  0.574780058115720748901367187500000000           9.2189755550663555E-002
  0.575757575221359729766845703125000000          -1.1885391430346726E-002
  0.576735092326998710632324218750000000         -0.20455893677448245     
  0.577712609432637691497802734375000000         -0.52067926008057397     
  0.578690126538276672363281250000000000         -0.68205245915009416     
  0.579667643643915653228759765625000000         -0.69008441884599736     
  0.580645160749554634094238281250000000          0.11330735467144515     
  0.581622677855193614959716796875000000         -0.68869259093369151     
  0.582600194960832595825195312500000000         -0.85648824025885562     
  0.583577712066471576690673828125000000           7.8459351556944168E-002
  0.584555229172110557556152343750000000         -0.37023068692442018     
  0.585532746277749538421630859375000000          0.12149433819792055     
  0.586510263383388519287109375000000000         -0.24259028518720083     
  0.587487780489027500152587890625000000         -0.48999478286073717     
  0.588465297594666481018066406250000000         -0.31707902886670847     
  0.589442814700305461883544921875000000         -0.70040641971420148     
  0.590420331805944442749023437500000000         -0.71008143884116459     
  0.591397848911583423614501953125000000         -0.45840740769314725     
  0.592375366017222404479980468750000000         -0.13589734711540979     
  0.593352883122861385345458984375000000         -0.28312414605318437     
  0.594330400228500366210937500000000000          -3.8684401937554291E-003
  0.595307917334139347076416015625000000         -0.28865393510464987     
  0.596285434439778327941894531250000000         -0.16018291829466491     
  0.597262951545417308807373046875000000         -0.76583783992414245     
  0.598240468651056289672851562500000000         -0.64400255465564238     
  0.599217985756695270538330078125000000         -0.19323783920800053     
  0.600195502862334251403808593750000000          -4.9563475385807743E-002
  0.601173019967973232269287109375000000          0.10539390227323597     
  0.602150537073612213134765625000000000          -8.7002878112643511E-002
  0.603128054179251194000244140625000000          -5.7298927096981811E-002
  0.604105571284890174865722656250000000         -0.43688638605913688     
  0.605083088390529155731201171875000000           3.2024395222993052E-002
  0.606060605496168136596679687500000000         -0.23399939919608737     
  0.607038122601807117462158203125000000         -0.13144085646639825     
  0.608015639707446098327636718750000000         -0.59083615209103335     
  0.608993156813085079193115234375000000           4.3776976625742092E-002
  0.609970673918724060058593750000000000         -0.74823608868713076     
  0.610948191024363040924072265625000000         -0.10952502649718332     
  0.611925708130002021789550781250000000         -0.64310493098802279     
  0.612903225235641002655029296875000000         -0.37340890862280351     
  0.613880742341279983520507812500000000         -0.51210023672318938     
  0.614858259446918964385986328125000000          0.21464294281836194     
  0.615835776552557945251464843750000000         -0.26133946038665679     
  0.616813293658196926116943359375000000          0.24981947932152593     
  0.617790810763835906982421875000000000         -0.45712105958406024     
  0.618768327869474887847900390625000000          0.24418350757005503     
  0.619745844975113868713378906250000000          0.22280599774397913     
  0.620723362080752849578857421875000000         -0.48274402035085973     
  0.621700879186391830444335937500000000         -0.30499275756442290     
  0.622678396292030811309814453125000000           1.8432656404259951E-002
  0.623655913397669792175292968750000000         -0.51777221629962233     
  0.624633430503308773040771484375000000          -6.9395005565021428E-002
  0.625610947608947753906250000000000000          -7.4709065791068840E-002
  0.626588464714586734771728515625000000         -0.59714719481021961     
  0.627565981820225715637207031250000000         -0.55687205653145089     
  0.628543498925864696502685546875000000         -0.23627047748478991     
  0.629521016031503677368164062500000000          0.29762694554563329     
  0.630498533137142658233642578125000000         -0.25734743059134846     
  0.631476050242781639099121093750000000           2.7044855494189890E-002
  0.632453567348420619964599609375000000         -0.30783080220402803     
  0.633431084454059600830078125000000000         -0.46829992671814880     
  0.634408601559698581695556640625000000         -0.25450581251945326     
  0.635386118665337562561035156250000000         -0.42026923048318965     
  0.636363635770976543426513671875000000           5.0141278405328005E-002
  0.637341152876615524291992187500000000         -0.57112829511625163     
  0.638318669982254505157470703125000000         -0.44171280211588537     
  0.639296187087893486022949218750000000         -0.62347596068710542     
  0.640273704193532466888427734375000000         -0.30179047965299477     
  0.641251221299171447753906250000000000         -0.34649209288795446     
  0.642228738404810428619384765625000000          0.21883936330407361     
  0.643206255510449409484863281250000000         -0.12734188017167369     
  0.644183772616088390350341796875000000           9.3154477331343188E-002
  0.645161289721727371215820312500000000         -0.35746090014062382     
  0.646138806827366352081298828125000000          0.21548331628355566     
  0.647116323933005332946777343750000000         -0.32073424273032392     
  0.648093841038644313812255859375000000           2.7364655700162888E-002
  0.649071358144283294677734375000000000          0.15330852607861578     
  0.650048875249922275543212890625000000          0.28639511814626872     
  0.651026392355561256408691406250000000         -0.45466470083635868     
  0.652003909461200237274169921875000000         -0.29837202142267460     
  0.652981426566839218139648437500000000          0.35094563468417750     
  0.653958943672478199005126953125000000          0.41881714068061315     
  0.654936460778117179870605468750000000          0.22687510868678662     
  0.655913977883756160736083984375000000         -0.20940055136256086     
  0.656891494989395141601562500000000000          0.21210756661522090     
  0.657869012095034122467041015625000000         -0.35399480506394154     
  0.658846529200673103332519531250000000         -0.47752355523889867     
  0.659824046306312084197998046875000000         -0.49154212306086287     
  0.660801563411951065063476562500000000         -0.38505227576470302     
  0.661779080517590045928955078125000000          0.28054513885123267     
  0.662756597623229026794433593750000000          0.13489270875940940     
  0.663734114728868007659912109375000000         -0.27119942634556815     
  0.664711631834506988525390625000000000         -0.18623812980711862     
  0.665689148940145969390869140625000000          0.47836082259221946     
  0.666666666045784950256347656250000000          0.11374979198902757     
  0.667644183151423931121826171875000000         -0.20215193872527770     
  0.668621700257062911987304687500000000           6.2345720148838657E-003
  0.669599217362701892852783203125000000          0.25216704324269745     
  0.670576734468340873718261718750000000         -0.43904540318248608     
  0.671554251573979854583740234375000000         -0.45751763538596540     
  0.672531768679618835449218750000000000           1.0767200276188271E-002
  0.673509285785257816314697265625000000          0.31429746861538210     
  0.674486802890896797180175781250000000          0.45006167825905269     
  0.675464319996535778045654296875000000          0.46380141992897245     
  0.676441837102174758911132812500000000         -0.11207384482799615     
  0.677419354207813739776611328125000000         -0.14108375323660577     
  0.678396871313452720642089843750000000          0.39382747531614920     
  0.679374388419091701507568359375000000           3.0026976407397876E-002
  0.680351905524730682373046875000000000         -0.40893648630049739     
  0.681329422630369663238525390625000000          -7.9111897082027594E-002
  0.682306939736008644104003906250000000         -0.35442533079199906     
  0.683284456841647624969482421875000000         -0.31424684118997254     
  0.684261973947286605834960937500000000          0.25032852081054580     
  0.685239491052925586700439453125000000          -5.8302261295417601E-004
  0.686217008158564567565917968750000000          0.22980820061578194     
  0.687194525264203548431396484375000000          0.44076073408013061     
  0.688172042369842529296875000000000000          -3.9705718817997449E-002
  0.689149559475481510162353515625000000          -6.4622828705537150E-002
  0.690127076581120491027832031250000000          -6.4642289905669226E-003
  0.691104593686759471893310546875000000           5.0019689624458907E-002
  0.692082110792398452758789062500000000          0.10501461827741582     
  0.693059627898037433624267578125000000           3.2226264261746240E-002
  0.694037145003676414489746093750000000          0.29868982359550028     
  0.695014662109315395355224609375000000          -9.7002663490293073E-002
  0.695992179214954376220703125000000000          0.38280882637258584     
  0.696969696320593357086181640625000000          0.52973050118244203     
  0.697947213426232337951660156250000000         -0.15732027812423605     
  0.698924730531871318817138671875000000          0.41586534424679072     
  0.699902247637510299682617187500000000          0.20031388634851016     
  0.700879764743149280548095703125000000          -2.3594384462922557E-002
  0.701857281848788261413574218750000000          0.69515512804707280     
  0.702834798954427242279052734375000000          0.46921432589419926     
  0.703812316060066223144531250000000000         -0.25343398579964038     
  0.704789833165705204010009765625000000          0.42639813206367144     
  0.705767350271344184875488281250000000          0.39772541661407557     
  0.706744867376983165740966796875000000         -0.17840793594083704     
  0.707722384482622146606445312500000000          0.19866327765857567     
  0.708699901588261127471923828125000000           7.2413128259552484E-003
  0.709677418693900108337402343750000000          0.10483484359244721     
  0.710654935799539089202880859375000000          0.47843296516717415     
  0.711632452905178070068359375000000000         -0.21145305323906355     
  0.712609970010817050933837890625000000          0.35206280975782733     
  0.713587487116456031799316406250000000          0.46744564052507442     
  0.714565004222095012664794921875000000         -0.11012055323996506     
  0.715542521327733993530273437500000000          0.31143836111198264     
  0.716520038433372974395751953125000000          0.78486052596388101     
  0.717497555539011955261230468750000000          0.52344767153539551     
  0.718475072644650936126708984375000000          0.56369948860261765     
  0.719452589750289916992187500000000000           1.2855830979304012E-002
  0.720430106855928897857666015625000000          0.67852304923897200     
  0.721407623961567878723144531250000000           1.3805709835870289E-002
  0.722385141067206859588623046875000000          -8.4483916494559830E-002
  0.723362658172845840454101562500000000           7.4690583757101525E-002
  0.724340175278484821319580078125000000          0.74999168290992624     
  0.725317692384123802185058593750000000          0.67539253629635088     
  0.726295209489762783050537109375000000          -7.0849464548507157E-002
  0.727272726595401763916015625000000000          0.72915791933165175     
  0.728250243701040744781494140625000000          0.42095367093320823     
  0.729227760806679725646972656250000000          0.26703772771615741     
  0.730205277912318706512451171875000000          0.87525254384573548     
  0.731182795017957687377929687500000000          0.65205841311520540     
  0.732160312123596668243408203125000000          0.67380227779623103     
  0.733137829229235649108886718750000000          0.64764157918389997     
  0.734115346334874629974365234375000000          0.46057646890911619     
  0.735092863440513610839843750000000000          0.60089231764479845     
  0.736070380546152591705322265625000000          0.78819463866804063     
  0.737047897651791572570800781250000000          -6.6957382944940080E-002
  0.738025414757430553436279296875000000          0.21056996549815898     
  0.739002931863069534301757812500000000          0.11227969169419574     
  0.739980448968708515167236328125000000          0.74479873082628867     
  0.740957966074347496032714843750000000          0.49575367847124630     
  0.741935483179986476898193359375000000          0.43518613866126649     
  0.742913000285625457763671875000000000          0.49222095061156379     
  0.743890517391264438629150390625000000           6.9615687492384018E-003
  0.744868034496903419494628906250000000          0.11159530688170481     
  0.745845551602542400360107421875000000          0.75402657985886679     
  0.746823068708181381225585937500000000          0.75066069083237075     
  0.747800585813820362091064453125000000          0.14570599438842671     
  0.748778102919459342956542968750000000          0.46127862191741648     
  0.749755620025098323822021484375000000          0.16147679526322672     
  0.750733137130737304687500000000000000          0.55345517661220733     
  0.751710654236376285552978515625000000          0.31578225509096153     
  0.752688171342015266418457031250000000          0.17130168443682925     
  0.753665688447654247283935546875000000          0.59804731205554651     
  0.754643205553293228149414062500000000          0.17325383014158766     
  0.755620722658932209014892578125000000          0.22860184137599038     
  0.756598239764571189880371093750000000          0.73252187171051419     
  0.757575756870210170745849609375000000          0.99776629410913331     
  0.758553273975849151611328125000000000          0.18512305555414610     
  0.759530791081488132476806640625000000          0.76983823488571690     
  0.760508308187127113342285156250000000          0.44570519562356242     
  0.761485825292766094207763671875000000          0.47008195953753740     
  0.762463342398405075073242187500000000           7.9231630240341300E-002
  0.763440859504044055938720703125000000          0.49753679444135490     
  0.764418376609683036804199218750000000          0.89427888272653477     
  0.765395893715322017669677734375000000          0.97444495181276081     
  0.766373410820960998535156250000000000          0.24348090702205738     
  0.767350927926599979400634765625000000          0.15185070686869528     
  0.768328445032238960266113281250000000          0.68055239862468131     
  0.769305962137877941131591796875000000          0.17920365051686515     
  0.770283479243516921997070312500000000          0.99845001303475733     
  0.771260996349155902862548828125000000          0.47750218376312259     
  0.772238513454794883728027343750000000          0.62910412128988291     
  0.773216030560433864593505859375000000          0.42756653062738115     
  0.774193547666072845458984375000000000          0.38998677479635713     
  0.775171064771711826324462890625000000          0.70713989990097426     
  0.776148581877350807189941406250000000          0.87742678243436845     
  0.777126098982989788055419921875000000           1.0724372835078646     
  0.778103616088628768920898437500000000          0.93303495087452604     
  0.779081133194267749786376953125000000          0.72092912720651070     
  0.780058650299906730651855468750000000          0.83366069028846357     
  0.781036167405545711517333984375000000          0.97071823106185273     
  0.782013684511184692382812500000000000           1.0788057309406871     
  0.782991201616823673248291015625000000          0.80854348287875155     
  0.783968718722462654113769531250000000          0.27332808340545867     
  0.784946235828101634979248046875000000          0.65693049896436329     
  0.785923752933740615844726562500000000          0.23250529844276657     
  0.786901270039379596710205078125000000          0.52935693907655412     
  0.787878787145018577575683593750000000           1.2092563734571635     
  0.788856304250657558441162109375000000           1.1968903445840418     
  0.789833821356296539306640625000000000          0.46096207623798335     
  0.790811338461935520172119140625000000          0.92758721424709467     
  0.791788855567574501037597656250000000          0.79571093741521981     
  0.792766372673213481903076171875000000          0.62518091313877044     
  0.793743889778852462768554687500000000          0.27277261889878535     
  0.794721406884491443634033203125000000           1.1267422025293730     
  0.795698923990130424499511718750000000          0.70467364590334736     
  0.796676441095769405364990234375000000           1.0369316572440987     
  0.797653958201408386230468750000000000          0.30660515162562169     
  0.798631475307047367095947265625000000          0.91519228477910841     
  0.799608992412686347961425781250000000          0.75111162921062069     
  0.800586509518325328826904296875000000          0.97517659380324495     
  0.801564026623964309692382812500000000           1.0070900842029213     
  0.802541543729603290557861328125000000           1.2632867050133394     
  0.803519060835242271423339843750000000           1.0466956382222001     
  0.804496577940881252288818359375000000          0.78742199344066399     
  0.805474095046520233154296875000000000          0.97604122338554788     
  0.806451612152159214019775390625000000          0.57149552338555287     
  0.807429129257798194885253906250000000          0.75121655735308046     
  0.808406646363437175750732421875000000           1.1888917451192507     
  0.809384163469076156616210937500000000          0.50353060336539746     
  0.810361680574715137481689453125000000           1.1261646200323301     
  0.811339197680354118347167968750000000           1.1689204068705950     
  0.812316714785993099212646484375000000          0.60952152621175792     
  0.813294231891632080078125000000000000          0.91537200995844681     
  0.814271748997271060943603515625000000          0.53039040881729416     
  0.815249266102910041809082031250000000          0.57253135965167068     
  0.816226783208549022674560546875000000          0.55173622759865015     
  0.817204300314188003540039062500000000           1.2198263780001013     
  0.818181817419826984405517578125000000          0.66689628477861262     
  0.819159334525465965270996093750000000          0.83104828023948230     
  0.820136851631104946136474609375000000           1.3831500142423450     
  0.821114368736743927001953125000000000           1.1518403073852286     
  0.822091885842382907867431640625000000           1.2730151563187138     
  0.823069402948021888732910156250000000           1.2199788625227490     
  0.824046920053660869598388671875000000          0.98652649367163781     
  0.825024437159299850463867187500000000           1.0654122421585779     
  0.826001954264938831329345703125000000           1.1537099569104314     
  0.826979471370577812194824218750000000           1.0657162734499965     
  0.827956988476216793060302734375000000          0.56681041519620257     
  0.828934505581855773925781250000000000           1.0250691574801905     
  0.829912022687494754791259765625000000          0.77416201826882869     
  0.830889539793133735656738281250000000          0.69249668969096634     
  0.831867056898772716522216796875000000           1.3350618300792576     
  0.832844574004411697387695312500000000           1.1488312168479875     
  0.833822091110050678253173828125000000           1.4657367165095456     
  0.834799608215689659118652343750000000           1.1179093950068797     
  0.835777125321328639984130859375000000          0.91711579606426707     
  0.836754642426967620849609375000000000          0.64711066527017358     
  0.837732159532606601715087890625000000          0.66153132064064613     
  0.838709676638245582580566406250000000          0.74408530235366777     
  0.839687193743884563446044921875000000           1.0571723610531261     
  0.840664710849523544311523437500000000           1.2490714905558300     
  0.841642227955162525177001953125000000           1.0668955444055421     
  0.842619745060801506042480468750000000          0.73410369086692728     
  0.843597262166440486907958984375000000           1.4178571410823109     
  0.844574779272079467773437500000000000          0.87416992975679109     
  0.845552296377718448638916015625000000          0.56801126110897537     
  0.846529813483357429504394531250000000           1.5695815060401035     
  0.847507330588996410369873046875000000           1.4554397789692772     
  0.848484847694635391235351562500000000          0.82382680189629032     
  0.849462364800274372100830078125000000           1.1289678662351181     
  0.850439881905913352966308593750000000           1.3510102050286956     
  0.851417399011552333831787109375000000           1.2765855129831805     
  0.852394916117191314697265625000000000           1.0211986431455589     
  0.853372433222830295562744140625000000           1.1995212360801499     
  0.854349950328469276428222656250000000           1.0561222892382549     
  0.855327467434108257293701171875000000           1.5590271836832734     
  0.856304984539747238159179687500000000          0.78571640998876213     
  0.857282501645386219024658203125000000           1.5987443955883309     
  0.858260018751025199890136718750000000          0.71587050863918300     
  0.859237535856664180755615234375000000          0.78483427699258068     
  0.860215052962303161621093750000000000           1.5483624430064149     
  0.861192570067942142486572265625000000          0.84870428097294126     
  0.862170087173581123352050781250000000          0.86941056689023377     
  0.863147604279220104217529296875000000          0.78667924869213113     
  0.864125121384859085083007812500000000           1.3546216191408060     
  0.865102638490498065948486328125000000           1.6388506537316598     
  0.866080155596137046813964843750000000          0.66922065475052694     
  0.867057672701776027679443359375000000           1.1651716111549695     
  0.868035189807415008544921875000000000          0.92315146220309574     
  0.869012706913053989410400390625000000           1.5825761351683418     
  0.869990224018692970275878906250000000          0.78881636032167246     
  0.870967741124331951141357421875000000           1.4641934666647840     
  0.871945258229970932006835937500000000          0.79798356379837221     
  0.872922775335609912872314453125000000           1.3185283140613577     
  0.873900292441248893737792968750000000           1.0365341545296962     
  0.874877809546887874603271484375000000           1.6843015588978099     
  0.875855326652526855468750000000000000           1.4028200835282245     
  0.876832843758165836334228515625000000           1.5428788139108678     
  0.877810360863804817199707031250000000           1.6876066359514321     
  0.878787877969443798065185546875000000           1.0011695407031491     
  0.879765395075082778930664062500000000           1.0940073239540240     
  0.880742912180721759796142578125000000          0.88637727548383438     
  0.881720429286360740661621093750000000           1.7172292153097648     
  0.882697946391999721527099609375000000           1.6722114036121192     
  0.883675463497638702392578125000000000          0.97885404436803036     
  0.884652980603277683258056640625000000          0.87205680128371699     
  0.885630497708916664123535156250000000           1.1189448287413457     
  0.886608014814555644989013671875000000           1.5961975133552913     
  0.887585531920194625854492187500000000          0.88654469838129313     
  0.888563049025833606719970703125000000           1.7546981493479508     
  0.889540566131472587585449218750000000           1.2486783176923302     
  0.890518083237111568450927734375000000           1.7340150091005788     
  0.891495600342750549316406250000000000           1.7370045127058864     
  0.892473117448389530181884765625000000           1.5335497280853292     
  0.893450634554028511047363281250000000           1.4297476000340732     
  0.894428151659667491912841796875000000           1.4528289622254955     
  0.895405668765306472778320312500000000           1.6710050481037737     
  0.896383185870945453643798828125000000           1.5250828792826914     
  0.897360702976584434509277343750000000           1.4954320018676794     
  0.898338220082223415374755859375000000           1.3371808384661386     
  0.899315737187862396240234375000000000           1.5552872243293430     
  0.900293254293501377105712890625000000           1.6368557954153797     
  0.901270771399140357971191406250000000          0.81781048042162263     
  0.902248288504779338836669921875000000           1.0421160426714380     
  0.903225805610418319702148437500000000           1.2348732706443428     
  0.904203322716057300567626953125000000           1.4529132720522613     
  0.905180839821696281433105468750000000          0.87647052615548282     
  0.906158356927335262298583984375000000           1.4943469181342413     
  0.907135874032974243164062500000000000           1.0123793895071538     
  0.908113391138613224029541015625000000           1.4200143328390160     
  0.909090908244252204895019531250000000           1.8022839053366415     
  0.910068425349891185760498046875000000           1.1305737581360347     
  0.911045942455530166625976562500000000           1.1278699282825411     
  0.912023459561169147491455078125000000           1.7293684535846410     
  0.913000976666808128356933593750000000           1.5312630618275906     
  0.913978493772447109222412109375000000           1.0936528164803963     
  0.914956010878086090087890625000000000           1.0470118671047390     
  0.915933527983725070953369140625000000          0.92578865914495512     
  0.916911045089364051818847656250000000           1.0336729722778486     
  0.917888562195003032684326171875000000           1.0834899290535922     
  0.918866079300642013549804687500000000           1.2995196527026933     
  0.919843596406280994415283203125000000          0.97255389870542031     
  0.920821113511919975280761718750000000           1.1137978106058775     
  0.921798630617558956146240234375000000           1.0114089787015477     
  0.922776147723197937011718750000000000           1.8274682366325705     
  0.923753664828836917877197265625000000           1.2229645218061171     
  0.924731181934475898742675781250000000          0.96001195360941338     
  0.925708699040114879608154296875000000           1.3856341513840680     
  0.926686216145753860473632812500000000           1.5924214018647707     
  0.927663733251392841339111328125000000           1.6407725972974143     
  0.928641250357031822204589843750000000           1.0228064707754954     
  0.929618767462670803070068359375000000           1.4452800494605254     
  0.930596284568309783935546875000000000           1.3571389942846366     
  0.931573801673948764801025390625000000           1.5941511911294264     
  0.932551318779587745666503906250000000           1.7454924227313751     
  0.933528835885226726531982421875000000           1.8461799047382179     
  0.934506352990865707397460937500000000           1.6829984298356404     
  0.935483870096504688262939453125000000           1.5125014353892459     
  0.936461387202143669128417968750000000           1.3260893096461963     
  0.937438904307782649993896484375000000           1.9234294394986926     
  0.938416421413421630859375000000000000           1.0607817133598640     
  0.939393938519060611724853515625000000           1.2885057094873014     
  0.940371455624699592590332031250000000           1.0435077384515890     
  0.941348972730338573455810546875000000           1.5645424044951697     
  0.942326489835977554321289062500000000           1.0909759164448389     
  0.943304006941616535186767578125000000           1.3414013716809829     
  0.944281524047255516052246093750000000           1.1247571323957379     
  0.945259041152894496917724609375000000           1.6267205872308894     
  0.946236558258533477783203125000000000           1.5560917944312247     
  0.947214075364172458648681640625000000           1.1899519276826200     
  0.948191592469811439514160156250000000           1.0922062095790110     
  0.949169109575450420379638671875000000           1.6674244296230074     
  0.950146626681089401245117187500000000           1.7712044872623121     
  0.951124143786728382110595703125000000           1.0719136366854303     
  0.952101660892367362976074218750000000           1.0818123037913980     
  0.953079177998006343841552734375000000           1.2431984143098205     
  0.954056695103645324707031250000000000           1.9453757632874362     
  0.955034212209284305572509765625000000           1.2058269224431308     
  0.956011729314923286437988281250000000           1.4511782703637777     
  0.956989246420562267303466796875000000          0.99339884456892757     
  0.957966763526201248168945312500000000           1.2002894739175463     
  0.958944280631840229034423828125000000           1.4206841350213542     
  0.959921797737479209899902343750000000           1.2568397218012712     
  0.960899314843118190765380859375000000           1.6850381167749211     
  0.961876831948757171630859375000000000           1.4073523005253876     
  0.962854349054396152496337890625000000           1.5844942807042213     
  0.963831866160035133361816406250000000           1.5362723073426807     
  0.964809383265674114227294921875000000           1.3188263331351540     
  0.965786900371313095092773437500000000           1.7485721529217435     
  0.966764417476952075958251953125000000           1.4764100209005986     
  0.967741934582591056823730468750000000           1.4333214051807381     
  0.968719451688230037689208984375000000           1.6763934414238739     
  0.969696968793869018554687500000000000           1.1633958352357237     
  0.970674485899507999420166015625000000           1.4244619682582877     
  0.971652003005146980285644531250000000           1.4209377083674544     
  0.972629520110785961151123046875000000           1.0439987011251257     
  0.973607037216424942016601562500000000           1.3551328193123511     
  0.974584554322063922882080078125000000           1.4181227159360645     
  0.975562071427702903747558593750000000           1.1868892542728227     
  0.976539588533341884613037109375000000           1.3841503985944030     
  0.977517105638980865478515625000000000           1.2369367490469436     
  0.978494622744619846343994140625000000           1.0530486248775048     
  0.979472139850258827209472656250000000           1.8993439281667088     
  0.980449656955897808074951171875000000           1.5122036227270408     
  0.981427174061536788940429687500000000           1.0778036814878780     
  0.982404691167175769805908203125000000           1.3898422088034130     
  0.983382208272814750671386718750000000           1.0960398133403548     
  0.984359725378453731536865234375000000           1.0430670382318126     
  0.985337242484092712402343750000000000           1.2353814530009939     
  0.986314759589731693267822265625000000           1.6397650690665453     
  0.987292276695370674133300781250000000           1.5456804321963840     
  0.988269793801009654998779296875000000           1.1816352207827079     
  0.989247310906648635864257812500000000           1.4246183644454722     
  0.990224828012287616729736328125000000           1.6257233774871906     
  0.991202345117926597595214843750000000           1.0857156401397390     
  0.992179862223565578460693359375000000           1.5358968041969367     
  0.993157379329204559326171875000000000           1.8438217009931148     
  0.994134896434843540191650390625000000           1.4087975112300786     
  0.995112413540482521057128906250000000           1.2026797468615147     
  0.996089930646121501922607421875000000           1.8268408804535370     
  0.997067447751760482788085937500000000           1.9656585758902450     
  0.998044964857399463653564453125000000           1.3776598686718149     
  0.999022481963038444519042968750000000           1.6471144576741799     
  0.999999999068677425384521484375000000           1.6777434944977667     
