   0.00000000000000000000000000000000000           1.0000000000000000     
   9.77517105638980865478515625000000000E-0004    0.99998113849223913     
   1.95503421127796173095703125000000000E-0003    0.99992455468046937     
   2.93255131691694259643554687500000000E-0003    0.99983025069920284     
   3.91006842255592346191406250000000000E-0003    0.99969823010586989     
   4.88758552819490432739257812500000000E-0003    0.99952849788068565     
   5.86510263383388519287109375000000000E-0003    0.99932106042646140     
   6.84261973947286605834960937500000000E-0003    0.99907592556836344     
   7.82013684511184692382812500000000000E-0003    0.99879310255361775     
   8.79765395075082778930664062500000000E-0003    0.99847260205116140     
   9.77517105638980865478515625000000000E-0003    0.99811443615123985     
   1.07526881620287895202636718750000000E-0002    0.99771861836495068     
   1.17302052676677703857421875000000000E-0002    0.99728516362373476     
   1.27077223733067512512207031250000000E-0002    0.99681408827881168     
   1.36852394789457321166992187500000000E-0002    0.99630541010056406     
   1.46627565845847129821777343750000000E-0002    0.99575914827786693     
   1.56402736902236938476562500000000000E-0002    0.99517532341736326     
   1.66177907958626747131347656250000000E-0002    0.99455395754268738     
   1.75953079015016555786132812500000000E-0002    0.99389507409363387     
   1.85728250071406364440917968750000000E-0002    0.99319869792527338     
   1.95503421127796173095703125000000000E-0002    0.99246485530701467     
   2.05278592184185981750488281250000000E-0002    0.99169357392161450     
   2.15053763240575790405273437500000000E-0002    0.99088488286413245     
   2.24828934296965599060058593750000000E-0002    0.99003881264083371     
   2.34604105353355407714843750000000000E-0002    0.98915539516803863     
   2.44379276409745216369628906250000000E-0002    0.98823466377091806     
   2.54154447466135025024414062500000000E-0002    0.98727665318223701     
   2.63929618522524833679199218750000000E-0002    0.98628139954104355     
   2.73704789578914642333984375000000000E-0002    0.98524894039130639     
   2.83479960635304450988769531250000000E-0002    0.98417931468049802     
   2.93255131691694259643554687500000000E-0002    0.98307256275812582     
   3.03030302748084068298339843750000000E-0002    0.98192872637420947     
   3.12805473804473876953125000000000000E-0002    0.98074784867770692     
   3.22580644860863685607910156250000000E-0002    0.97952997421488575     
   3.32355815917253494262695312500000000E-0002    0.97827514892764322     
   3.42130986973643302917480468750000000E-0002    0.97698342015177309     
   3.51906158030033111572265625000000000E-0002    0.97565483661517993     
   3.61681329086422920227050781250000000E-0002    0.97428944843604137     
   3.71456500142812728881835937500000000E-0002    0.97288730712091664     
   3.81231671199202537536621093750000000E-0002    0.97144846556280451     
   3.91006842255592346191406250000000000E-0002    0.96997297803914728     
   4.00782013311982154846191406250000000E-0002    0.96846090020978381     
   4.10557184368371963500976562500000000E-0002    0.96691228911484950     
   4.20332355424761772155761718750000000E-0002    0.96532720317262466     
   4.30107526481151580810546875000000000E-0002    0.96370570217733087     
   4.39882697537541389465332031250000000E-0002    0.96204784729687542     
   4.49657868593931198120117187500000000E-0002    0.96035370107054374     
   4.59433039650321006774902343750000000E-0002    0.95862332740664014     
   4.69208210706710815429687500000000000E-0002    0.95685679158007719     
   4.78983381763100624084472656250000000E-0002    0.95505416022991341     
   4.88758552819490432739257812500000000E-0002    0.95321550135683908     
   4.98533723875880241394042968750000000E-0002    0.95134088432061148     
   5.08308894932270050048828125000000000E-0002    0.94943037983743805     
   5.18084065988659858703613281250000000E-0002    0.94748405997730922     
   5.27859237045049667358398437500000000E-0002    0.94550199816127922     
   5.37634408101439476013183593750000000E-0002    0.94348426915869676     
   5.47409579157829284667968750000000000E-0002    0.94143094908438418     
   5.57184750214219093322753906250000000E-0002    0.93934211539576662     
   5.66959921270608901977539062500000000E-0002    0.93721784688994969     
   5.76735092326998710632324218750000000E-0002    0.93505822370074720     
   5.86510263383388519287109375000000000E-0002    0.93286332729565835     
   5.96285434439778327941894531250000000E-0002    0.93063324047279417     
   6.06060605496168136596679687500000000E-0002    0.92836804735775447     
   6.15835776552557945251464843750000000E-0002    0.92606783340045440     
   6.25610947608947753906250000000000000E-0002    0.92373268537190079     
   6.35386118665337562561035156250000000E-0002    0.92136269136091886     
   6.45161289721727371215820312500000000E-0002    0.91895794077082960     
   6.54936460778117179870605468750000000E-0002    0.91651852431607661     
   6.64711631834506988525390625000000000E-0002    0.91404453401880492     
   6.74486802890896797180175781250000000E-0002    0.91153606320538882     
   6.84261973947286605834960937500000000E-0002    0.90899320650291182     
   6.94037145003676414489746093750000000E-0002    0.90641605983559670     
   7.03812316060066223144531250000000000E-0002    0.90380472042118709     
   7.13587487116456031799316406250000000E-0002    0.90115928676728041     
   7.23362658172845840454101562500000000E-0002    0.89847985866761149     
   7.33137829229235649108886718750000000E-0002    0.89576653719828792     
   7.42913000285625457763671875000000000E-0002    0.89301942471397777     
   7.52688171342015266418457031250000000E-0002    0.89023862484404781     
   7.62463342398405075073242187500000000E-0002    0.88742424248865481     
   7.72238513454794883728027343750000000E-0002    0.88457638381478798     
   7.82013684511184692382812500000000000E-0002    0.88169515625226436     
   7.91788855567574501037597656250000000E-0002    0.87878066848967584     
   8.01564026623964309692382812500000000E-0002    0.87583303047028971     
   8.11339197680354118347167968750000000E-0002    0.87285235338790068     
   8.21114368736743927001953125000000000E-0002    0.86983874968263641     
   8.30889539793133735656738281250000000E-0002    0.86679233303671654     
   8.40664710849523544311523437500000000E-0002    0.86371321837016335     
   8.50439881905913352966308593750000000E-0002    0.86060152183646721     
   8.60215052962303161621093750000000000E-0002    0.85745736081820467     
   8.69990224018692970275878906250000000E-0002    0.85428085392261077     
   8.79765395075082778930664062500000000E-0002    0.85107212097710438     
   8.89540566131472587585449218750000000E-0002    0.84783128302476818     
   8.99315737187862396240234375000000000E-0002    0.84455846231978260     
   9.09090908244252204895019531250000000E-0002    0.84125378232281389     
   9.18866079300642013549804687500000000E-0002    0.83791736769635683     
   9.28641250357031822204589843750000000E-0002    0.83454934430003214     
   9.38416421413421630859375000000000000E-0002    0.83114983918583873     
   9.48191592469811439514160156250000000E-0002    0.82771898059336080     
   9.57966763526201248168945312500000000E-0002    0.82425689794493029     
   9.67741934582591056823730468750000000E-0002    0.82076372184074464     
   9.77517105638980865478515625000000000E-0002    0.81723958405394026     
   9.87292276695370674133300781250000000E-0002    0.81368461752562160     
   9.97067447751760482788085937500000000E-0002    0.81009895635984608     
  0.100684261880815029144287109375000000          0.80648273581856578     
  0.101661778986454010009765625000000000          0.80283609231652397     
  0.102639296092092990875244140625000000          0.79915916341611037     
  0.103616813197731971740722656250000000          0.79545208782217081     
  0.104594330303370952606201171875000000          0.79171500537677542     
  0.105571847409009933471679687500000000          0.78794805705394344     
  0.106549364514648914337158203125000000          0.78415138495432490     
  0.107526881620287895202636718750000000          0.78032513229984024     
  0.108504398725926876068115234375000000          0.77646944342827773     
  0.109481915831565856933593750000000000          0.77258446378784862     
  0.110459432937204837799072265625000000          0.76867033993170020     
  0.111436950042843818664550781250000000          0.76472721951238731     
  0.112414467148482799530029296875000000          0.76075525127630284     
  0.113391984254121780395507812500000000          0.75675458505806625     
  0.114369501359760761260986328125000000          0.75272537177487131     
  0.115347018465399742126464843750000000          0.74866776342079322     
  0.116324535571038722991943359375000000          0.74458191306105492     
  0.117302052676677703857421875000000000          0.74046797482625304     
  0.118279569782316684722900390625000000          0.73632610390654329     
  0.119257086887955665588378906250000000          0.73215645654578687     
  0.120234603993594646453857421875000000          0.72795919003565579     
  0.121212121099233627319335937500000000          0.72373446270969977     
  0.122189638204872608184814453125000000          0.71948243393737321     
  0.123167155310511589050292968750000000          0.71520326411802371     
  0.124144672416150569915771484375000000          0.71089711467484051     
  0.125122189521789550781250000000000000          0.70656414804876611     
  0.126099706627428531646728515625000000          0.70220452769236774     
  0.127077223733067512512207031250000000          0.69781841806367173     
  0.128054740838706493377685546875000000          0.69340598461995961     
  0.129032257944345474243164062500000000          0.68896739381152694     
  0.130009775049984455108642578125000000          0.68450281307540339     
  0.130987292155623435974121093750000000          0.68001241082903752     
  0.131964809261262416839599609375000000          0.67549635646394302     
  0.132942326366901397705078125000000000          0.67095482033930864     
  0.133919843472540378570556640625000000          0.66638797377557213     
  0.134897360578179359436035156250000000          0.66179598904795744     
  0.135874877683818340301513671875000000          0.65717903937997557     
  0.136852394789457321166992187500000000          0.65253729893689061     
  0.137829911895096302032470703125000000          0.64787094281914925     
  0.138807429000735282897949218750000000          0.64318014705577586     
  0.139784946106374263763427734375000000          0.63846508859773177     
  0.140762463212013244628906250000000000          0.63372594531124038     
  0.141739980317652225494384765625000000          0.62896289597107746     
  0.142717497423291206359863281250000000          0.62417612025382718     
  0.143695014528930187225341796875000000          0.61936579873110420     
  0.144672531634569168090820312500000000          0.61453211286274212     
  0.145650048740208148956298828125000000          0.60967524498994774     
  0.146627565845847129821777343750000000          0.60479537832842345     
  0.147605082951486110687255859375000000          0.59989269696145497     
  0.148582600057125091552734375000000000          0.59496738583296749     
  0.149560117162764072418212890625000000          0.59001963074054942     
  0.150537634268403053283691406250000000          0.58504961832844271     
  0.151515151374042034149169921875000000          0.58005753608050270     
  0.152492668479681015014648437500000000          0.57504357231312575     
  0.153470185585319995880126953125000000          0.57000791616814461     
  0.154447702690958976745605468750000000          0.56495075760569435     
  0.155425219796597957611083984375000000          0.55987228739704586     
  0.156402736902236938476562500000000000          0.55477269711740962     
  0.157380254007875919342041015625000000          0.54965217913870901     
  0.158357771113514900207519531250000000          0.54451092662232325     
  0.159335288219153881072998046875000000          0.53934913351180058     
  0.160312805324792861938476562500000000          0.53416699452554284     
  0.161290322430431842803955078125000000          0.52896470514945937     
  0.162267839536070823669433593750000000          0.52374246162959315     
  0.163245356641709804534912109375000000          0.51850046096471736     
  0.164222873747348785400390625000000000          0.51323890089890456     
  0.165200390852987766265869140625000000          0.50795797991406677     
  0.166177907958626747131347656250000000          0.50265789722246834     
  0.167155425064265727996826171875000000          0.49733885275921075     
  0.168132942169904708862304687500000000          0.49200104717469095     
  0.169110459275543689727783203125000000          0.48664468182703186     
  0.170087976381182670593261718750000000          0.48126995877448658     
  0.171065493486821651458740234375000000          0.47587708076781626     
  0.172043010592460632324218750000000000          0.47046625124264169     
  0.173020527698099613189697265625000000          0.46503767431176907     
  0.173998044803738594055175781250000000          0.45959155475749008     
  0.174975561909377574920654296875000000          0.45412809802385734     
  0.175953079015016555786132812500000000          0.44864751020893395     
  0.176930596120655536651611328125000000          0.44314999805701916     
  0.177908113226294517517089843750000000          0.43763576895084916     
  0.178885630331933498382568359375000000          0.43210503090377411     
  0.179863147437572479248046875000000000          0.42655799255191129     
  0.180840664543211460113525390625000000          0.42099486314627443     
  0.181818181648850440979003906250000000          0.41541585254488056     
  0.182795698754489421844482421875000000          0.40982117120483313     
  0.183773215860128402709960937500000000          0.40421103017438315     
  0.184750732965767383575439453125000000          0.39858564108496786     
  0.185728250071406364440917968750000000          0.39294521614322714     
  0.186705767177045345306396484375000000          0.38728996812299865     
  0.187683284282684326171875000000000000          0.38162011035729121     
  0.188660801388323307037353515625000000          0.37593585673023733     
  0.189638318493962287902832031250000000          0.37023742166902479     
  0.190615835599601268768310546875000000          0.36452502013580790     
  0.191593352705240249633789062500000000          0.35879886761959839     
  0.192570869810879230499267578125000000          0.35305918012813642     
  0.193548386916518211364746093750000000          0.34730617417974236     
  0.194525904022157192230224609375000000          0.34154006679514892     
  0.195503421127796173095703125000000000          0.33576107548931444     
  0.196480938233435153961181640625000000          0.32996941826321768     
  0.197458455339074134826660156250000000          0.32416531359563405     
  0.198435972444713115692138671875000000          0.31834898043489401     
  0.199413489550352096557617187500000000          0.31252063819062370     
  0.200391006655991077423095703125000000          0.30668050672546804     
  0.201368523761630058288574218750000000          0.30082880634679693     
  0.202346040867269039154052734375000000          0.29496575779839462     
  0.203323557972908020019531250000000000          0.28909158225213250     
  0.204301075078547000885009765625000000          0.28320650129962582     
  0.205278592184185981750488281250000000          0.27731073694387476     
  0.206256109289824962615966796875000000          0.27140451159088963     
  0.207233626395463943481445312500000000          0.26548804804130105     
  0.208211143501102924346923828125000000          0.25956156948195536     
  0.209188660606741905212402343750000000          0.25362529947749524     
  0.210166177712380886077880859375000000          0.24767946196192620     
  0.211143694818019866943359375000000000          0.24172428123016915     
  0.212121211923658847808837890625000000          0.23575998192959924     
  0.213098729029297828674316406250000000          0.22978678905157160     
  0.214076246134936809539794921875000000          0.22380492792293388     
  0.215053763240575790405273437500000000          0.21781462419752626     
  0.216031280346214771270751953125000000          0.21181610384766916     
  0.217008797451853752136230468750000000          0.20580959315563885     
  0.217986314557492733001708984375000000          0.19979531870513140     
  0.218963831663131713867187500000000000          0.19377350737271523     
  0.219941348768770694732666015625000000          0.18774438631927276     
  0.220918865874409675598144531250000000          0.18170818298143102     
  0.221896382980048656463623046875000000          0.17566512506298224     
  0.222873900085687637329101562500000000          0.16961544052629407     
  0.223851417191326618194580078125000000          0.16355935758371018     
  0.224828934296965599060058593750000000          0.15749710468894146     
  0.225806451402604579925537109375000000          0.15142891052844790     
  0.226783968508243560791015625000000000          0.14535500401281201     
  0.227761485613882541656494140625000000          0.13927561426810359     
  0.228739002719521522521972656250000000          0.13319097062723634     
  0.229716519825160503387451171875000000          0.12710130262131675     
  0.230694036930799484252929687500000000          0.12100683997098552     
  0.231671554036438465118408203125000000          0.11490781257775183     
  0.232649071142077445983886718750000000          0.10880445051532070     
  0.233626588247716426849365234375000000          0.10269698402091394     
  0.234604105353355407714843750000000000           9.6585643486584910E-002
  0.235581622458994388580322265625000000           9.0470659450527458E-002
  0.236559139564633369445800781250000000           8.4352262588379287E-002
  0.237536656670272350311279296875000000           7.8230683704520201E-002
  0.238514173775911331176757812500000000           7.2106153723365443E-002
  0.239491690881550312042236328125000000           6.5978903680654566E-002
  0.240469207987189292907714843750000000           5.9849164714736024E-002
  0.241446725092828273773193359375000000           5.3717168057847993E-002
  0.242424242198467254638671875000000000           4.7583145027395524E-002
  0.243401759304106235504150390625000000           4.1447327017224610E-002
  0.244379276409745216369628906250000000           3.5309945488893289E-002
  0.245356793515384197235107421875000000           2.9171231962940213E-002
  0.246334310621023178100585937500000000           2.3031418010151013E-002
  0.247311827726662158966064453125000000           1.6890735242822728E-002
  0.248289344832301139831542968750000000           1.0749415306026702E-002
  0.249266861937940120697021484375000000           4.6076898688702369E-003
  0.250244379043579101562500000000000000          -1.5342093842426708E-003
  0.251221896149218082427978515625000000          -7.6760507623511633E-003
  0.252199413254857063293457031250000000          -1.3817602576677602E-002
  0.253176930360496044158935546875000000          -1.9958633149367567E-002
  0.254154447466135025024414062500000000          -2.6098910822229444E-002
  0.255131964571774005889892578125000000          -3.2238203965473271E-002
  0.256109481677412986755371093750000000          -3.8376280986448512E-002
  0.257086998783051967620849609375000000          -4.4512910338380438E-002
  0.258064515888690948486328125000000000          -5.0647860529104749E-002
  0.259042032994329929351806640625000000          -5.6780900129800173E-002
  0.260019550099968910217285156250000000          -6.2911797783718651E-002
  0.260997067205607891082763671875000000          -6.9040322214912839E-002
  0.261974584311246871948242187500000000          -7.5166242236960487E-002
  0.262952101416885852813720703125000000          -8.1289326761685515E-002
  0.263929618522524833679199218750000000          -8.7409344807875350E-002
  0.264907135628163814544677734375000000          -9.3526065509994247E-002
  0.265884652733802795410156250000000000          -9.9639258126892227E-002
  0.266862169839441776275634765625000000         -0.10574869205050930     
  0.267839686945080757141113281250000000         -0.11185413681457473     
  0.268817204050719738006591796875000000         -0.11795536210330095     
  0.269794721156358718872070312500000000         -0.12405213776007165     
  0.270772238261997699737548828125000000         -0.13014423379612414     
  0.271749755367636680603027343750000000         -0.13623142039922503     
  0.272727272473275661468505859375000000         -0.14231346794233968     
  0.273704789578914642333984375000000000         -0.14839014699229416     
  0.274682306684553623199462890625000000         -0.15446122831843037     
  0.275659823790192604064941406250000000         -0.16052648290125321     
  0.276637340895831584930419921875000000         -0.16658568194106993     
  0.277614858001470565795898437500000000         -0.17263859686662106     
  0.278592375107109546661376953125000000         -0.17868499934370291     
  0.279569892212748527526855468750000000         -0.18472466128378104     
  0.280547409318387508392333984375000000         -0.19075735485259429     
  0.281524926424026489257812500000000000         -0.19678285247874955     
  0.282502443529665470123291015625000000         -0.20280092686230630     
  0.283479960635304450988769531250000000         -0.20881135098335121     
  0.284457477740943431854248046875000000         -0.21481389811056184     
  0.285434994846582412719726562500000000         -0.22080834180975978     
  0.286412511952221393585205078125000000         -0.22679445595245226     
  0.287390029057860374450683593750000000         -0.23277201472436260     
  0.288367546163499355316162109375000000         -0.23874079263394843     
  0.289345063269138336181640625000000000         -0.24470056452090808     
  0.290322580374777317047119140625000000         -0.25065110556467407     
  0.291300097480416297912597656250000000         -0.25659219129289434     
  0.292277614586055278778076171875000000         -0.26252359758989968     
  0.293255131691694259643554687500000000         -0.26844510070515831     
  0.294232648797333240509033203125000000         -0.27435647726171625     
  0.295210165902972221374511718750000000         -0.28025750426462398     
  0.296187683008611202239990234375000000         -0.28614795910934820     
  0.297165200114250183105468750000000000         -0.29202761959016948     
  0.298142717219889163970947265625000000         -0.29789626390856411     
  0.299120234325528144836425781250000000         -0.30375367068157144     
  0.300097751431167125701904296875000000         -0.30959961895014487     
  0.301075268536806106567382812500000000         -0.31543388818748708     
  0.302052785642445087432861328125000000         -0.32125625830736909     
  0.303030302748084068298339843750000000         -0.32706650967243250     
  0.304007819853723049163818359375000000         -0.33286442310247488     
  0.304985336959362030029296875000000000         -0.33864977988271794     
  0.305962854065001010894775390625000000         -0.34442236177205798     
  0.306940371170639991760253906250000000         -0.35018195101129890     
  0.307917888276278972625732421875000000         -0.35592833033136634     
  0.308895405381917953491210937500000000         -0.36166128296150407     
  0.309872922487556934356689453125000000         -0.36738059263745099     
  0.310850439593195915222167968750000000         -0.37308604360959940     
  0.311827956698834896087646484375000000         -0.37877742065113384     
  0.312805473804473876953125000000000000         -0.38445450906614970     
  0.313782990910112857818603515625000000         -0.39011709469775263     
  0.314760508015751838684082031250000000         -0.39576496393613697     
  0.315738025121390819549560546875000000         -0.40139790372664380     
  0.316715542227029800415039062500000000         -0.40701570157779787     
  0.317693059332668781280517578125000000         -0.41261814556932380     
  0.318670576438307762145996093750000000         -0.41820502436013979     
  0.319648093543946743011474609375000000         -0.42377612719633051     
  0.320625610649585723876953125000000000         -0.42933124391909733     
  0.321603127755224704742431640625000000         -0.43487016497268571     
  0.322580644860863685607910156250000000         -0.44039268141229093     
  0.323558161966502666473388671875000000         -0.44589858491193951     
  0.324535679072141647338867187500000000         -0.45138766777234829     
  0.325513196177780628204345703125000000         -0.45685972292875943     
  0.326490713283419609069824218750000000         -0.46231454395875116     
  0.327468230389058589935302734375000000         -0.46775192509002522     
  0.328445747494697570800781250000000000         -0.47317166120816878     
  0.329423264600336551666259765625000000         -0.47857354786439210     
  0.330400781705975532531738281250000000         -0.48395738128324101     
  0.331378298811614513397216796875000000         -0.48932295837028389     
  0.332355815917253494262695312500000000         -0.49467007671977298     
  0.333333333022892475128173828125000000         -0.49999853462227978     
  0.334310850128531455993652343750000000         -0.50530813107230421     
  0.335288367234170436859130859375000000         -0.51059866577585689     
  0.336265884339809417724609375000000000         -0.51586993915801505     
  0.337243401445448398590087890625000000         -0.52112175237045122     
  0.338220918551087379455566406250000000         -0.52635390729893394     
  0.339198435656726360321044921875000000         -0.53156620657080167     
  0.340175952762365341186523437500000000         -0.53675845356240803     
  0.341153469868004322052001953125000000         -0.54193045240653925     
  0.342130986973643302917480468750000000         -0.54708200799980256     
  0.343108504079282283782958984375000000         -0.55221292600998639     
  0.344086021184921264648437500000000000         -0.55732301288339103     
  0.345063538290560245513916015625000000         -0.56241207585213004     
  0.346041055396199226379394531250000000         -0.56747992294140204     
  0.347018572501838207244873046875000000         -0.57252636297673265     
  0.347996089607477188110351562500000000         -0.57755120559118600     
  0.348973606713116168975830078125000000         -0.58255426123254617     
  0.349951123818755149841308593750000000         -0.58753534117046757     
  0.350928640924394130706787109375000000         -0.59249425750359452     
  0.351906158030033111572265625000000000         -0.59743082316664897     
  0.352883675135672092437744140625000000         -0.60234485193748799     
  0.353861192241311073303222656250000000         -0.60723615844412782     
  0.354838709346950054168701171875000000         -0.61210455817173737     
  0.355816226452589035034179687500000000         -0.61694986746959790     
  0.356793743558228015899658203125000000         -0.62177190355803180     
  0.357771260663866996765136718750000000         -0.62657048453529685     
  0.358748777769505977630615234375000000         -0.63134542938444815     
  0.359726294875144958496093750000000000         -0.63609655798016718     
  0.360703811980783939361572265625000000         -0.64082369109555626     
  0.361681329086422920227050781250000000         -0.64552665040889934     
  0.362658846192061901092529296875000000         -0.65020525851038924     
  0.363636363297700881958007812500000000         -0.65485933890882009     
  0.364613880403339862823486328125000000         -0.65948871603824466     
  0.365591397508978843688964843750000000         -0.66409321526459775     
  0.366568914614617824554443359375000000         -0.66867266289228344     
  0.367546431720256805419921875000000000         -0.67322688617072779     
  0.368523948825895786285400390625000000         -0.67775571330089546     
  0.369501465931534767150878906250000000         -0.68225897344177033     
  0.370478983037173748016357421875000000         -0.68673649671680026     
  0.371456500142812728881835937500000000         -0.69118811422030502     
  0.372434017248451709747314453125000000         -0.69561365802384867     
  0.373411534354090690612792968750000000         -0.70001296118257339     
  0.374389051459729671478271484375000000         -0.70438585774149809     
  0.375366568565368652343750000000000000         -0.70873218274177774     
  0.376344085671007633209228515625000000         -0.71305177222692717     
  0.377321602776646614074707031250000000         -0.71734446324900503     
  0.378299119882285594940185546875000000         -0.72161009387476116     
  0.379276636987924575805664062500000000         -0.72584850319174543     
  0.380254154093563556671142578125000000         -0.73005953131437740     
  0.381231671199202537536621093750000000         -0.73424301938997771     
  0.382209188304841518402099609375000000         -0.73839880960476079     
  0.383186705410480499267578125000000000         -0.74252674518978790     
  0.384164222516119480133056640625000000         -0.74662667042688080     
  0.385141739621758460998535156250000000         -0.75069843065449626     
  0.386119256727397441864013671875000000         -0.75474187227355993     
  0.387096773833036422729492187500000000         -0.75875684275326094     
  0.388074290938675403594970703125000000         -0.76274319063680540     
  0.389051808044314384460449218750000000         -0.76670076554713040     
  0.390029325149953365325927734375000000         -0.77062941819257613     
  0.391006842255592346191406250000000000         -0.77452900037251782     
  0.391984359361231327056884765625000000         -0.77839936498295625     
  0.392961876466870307922363281250000000         -0.78224036602206737     
  0.393939393572509288787841796875000000         -0.78605185859570936     
  0.394916910678148269653320312500000000         -0.78983369892288846     
  0.395894427783787250518798828125000000         -0.79358574434118356     
  0.396871944889426231384277343750000000         -0.79730785331212695     
  0.397849461995065212249755859375000000         -0.80099988542654421     
  0.398826979100704193115234375000000000         -0.80466170140985049     
  0.399804496206343173980712890625000000         -0.80829316312730481     
  0.400782013311982154846191406250000000         -0.81189413358922025     
  0.401759530417621135711669921875000000         -0.81546447695613233     
  0.402737047523260116577148437500000000         -0.81900405854392266     
  0.403714564628899097442626953125000000         -0.82251274482890013     
  0.404692081734538078308105468750000000         -0.82599040345283758     
  0.405669598840177059173583984375000000         -0.82943690322796471     
  0.406647115945816040039062500000000000         -0.83285211414191707     
  0.407624633051455020904541015625000000         -0.83623590736264020     
  0.408602150157094001770019531250000000         -0.83958815524325003     
  0.409579667262732982635498046875000000         -0.84290873132684774     
  0.410557184368371963500976562500000000         -0.84619751035129021     
  0.411534701474010944366455078125000000         -0.84945436825391507     
  0.412512218579649925231933593750000000         -0.85267918217622130     
  0.413489735685288906097412109375000000         -0.85587183046850324     
  0.414467252790927886962890625000000000         -0.85903219269443964     
  0.415444769896566867828369140625000000         -0.86216014963563736     
  0.416422287002205848693847656250000000         -0.86525558329612817     
  0.417399804107844829559326171875000000         -0.86831837690681990     
  0.418377321213483810424804687500000000         -0.87134841492990178     
  0.419354838319122791290283203125000000         -0.87434558306320231     
  0.420332355424761772155761718750000000         -0.87730976824450146     
  0.421309872530400753021240234375000000         -0.88024085865579582     
  0.422287389636039733886718750000000000         -0.88313874372751622     
  0.423264906741678714752197265625000000         -0.88600331414269906     
  0.424242423847317695617675781250000000         -0.88883446184111004     
  0.425219940952956676483154296875000000         -0.89163208002332084     
  0.426197458058595657348632812500000000         -0.89439606315473708     
  0.427174975164234638214111328125000000         -0.89712630696958029     
  0.428152492269873619079589843750000000         -0.89982270847482071     
  0.429130009375512599945068359375000000         -0.90248516595406247     
  0.430107526481151580810546875000000000         -0.90511357897138078     
  0.431085043586790561676025390625000000         -0.90770784837511065     
  0.432062560692429542541503906250000000         -0.91026787630158690     
  0.433040077798068523406982421875000000         -0.91279356617883645     
  0.434017594903707504272460937500000000         -0.91528482273022083     
  0.434995112009346485137939453125000000         -0.91774155197803053     
  0.435972629114985466003417968750000000         -0.92016366124702997     
  0.436950146220624446868896484375000000         -0.92255105916795355     
  0.437927663326263427734375000000000000         -0.92490365568095256     
  0.438905180431902408599853515625000000         -0.92722136203899208     
  0.439882697537541389465332031250000000         -0.92950409081119933     
  0.440860214643180370330810546875000000         -0.93175175588616133     
  0.441837731748819351196289062500000000         -0.93396427247517355     
  0.442815248854458332061767578125000000         -0.93614155711543845     
  0.443792765960097312927246093750000000         -0.93828352767321366     
  0.444770283065736293792724609375000000         -0.94039010334691053     
  0.445747800171375274658203125000000000         -0.94246120467014238     
  0.446725317277014255523681640625000000         -0.94449675351472173     
  0.447702834382653236389160156250000000         -0.94649667309360808     
  0.448680351488292217254638671875000000         -0.94846088796380390     
  0.449657868593931198120117187500000000         -0.95038932402920129     
  0.450635385699570178985595703125000000         -0.95228190854337647     
  0.451612902805209159851074218750000000         -0.95413857011233461     
  0.452590419910848140716552734375000000         -0.95595923869720256     
  0.453567937016487121582031250000000000         -0.95774384561687076     
  0.454545454122126102447509765625000000         -0.95949232355058500     
  0.455522971227765083312988281250000000         -0.96120460654048478     
  0.456500488333404064178466796875000000         -0.96288062999409252     
  0.457478005439043045043945312500000000         -0.96452033068674936     
  0.458455522544682025909423828125000000         -0.96612364676400053     
  0.459433039650321006774902343750000000         -0.96769051774392889     
  0.460410556755959987640380859375000000         -0.96922088451943611     
  0.461388073861598968505859375000000000         -0.97071468936047256     
  0.462365590967237949371337890625000000         -0.97217187591621512     
  0.463343108072876930236816406250000000         -0.97359238921719249     
  0.464320625178515911102294921875000000         -0.97497617567735961     
  0.465298142284154891967773437500000000         -0.97632318309611821     
  0.466275659389793872833251953125000000         -0.97763336066028672     
  0.467253176495432853698730468750000000         -0.97890665894601625     
  0.468230693601071834564208984375000000         -0.98014302992065605     
  0.469208210706710815429687500000000000         -0.98134242694456464     
  0.470185727812349796295166015625000000         -0.98250480477286939     
  0.471163244917988777160644531250000000         -0.98363011955717339     
  0.472140762023627758026123046875000000         -0.98471832884720967     
  0.473118279129266738891601562500000000         -0.98576939159244226     
  0.474095796234905719757080078125000000         -0.98678326814361483     
  0.475073313340544700622558593750000000         -0.98775992025424664     
  0.476050830446183681488037109375000000         -0.98869931108207487     
  0.477028347551822662353515625000000000         -0.98960140519044482     
  0.478005864657461643218994140625000000         -0.99046616854964631     
  0.478983381763100624084472656250000000         -0.99129356853819783     
  0.479960898868739604949951171875000000         -0.99208357394407676     
  0.480938415974378585815429687500000000         -0.99283615496589683     
  0.481915933080017566680908203125000000         -0.99355128321403252     
  0.482893450185656547546386718750000000         -0.99422893171168980     
  0.483870967291295528411865234375000000         -0.99486907489592402     
  0.484848484396934509277343750000000000         -0.99547168861860369     
  0.485826001502573490142822265625000000         -0.99603675014732218     
  0.486803518608212471008300781250000000         -0.99656423816625450     
  0.487781035713851451873779296875000000         -0.99705413277696209     
  0.488758552819490432739257812500000000         -0.99750641549914276     
  0.489736069925129413604736328125000000         -0.99792106927132851     
  0.490713587030768394470214843750000000         -0.99829807845152863     
  0.491691104136407375335693359375000000         -0.99863742881782003     
  0.492668621242046356201171875000000000         -0.99893910756888338     
  0.493646138347685337066650390625000000         -0.99920310332448659     
  0.494623655453324317932128906250000000         -0.99942940612591369     
  0.495601172558963298797607421875000000         -0.99961800743634066     
  0.496578689664602279663085937500000000         -0.99976890014115716     
  0.497556206770241260528564453125000000         -0.99988207854823541     
  0.498533723875880241394042968750000000         -0.99995753838814461     
  0.499511240981519222259521484375000000         -0.99999527681431211     
  0.500488758087158203125000000000000000         -0.99999529240313056     
  0.501466275192797183990478515625000000         -0.99995758515401201     
  0.502443792298436164855957031250000000         -0.99988215648938761     
  0.503421309404075145721435546875000000         -0.99976900925465395     
  0.504398826509714126586914062500000000         -0.99961814771806601     
  0.505376343615353107452392578125000000         -0.99942957757057582     
  0.506353860720992088317871093750000000         -0.99920330592561790     
  0.507331377826631069183349609375000000         -0.99893934131884121     
  0.508308894932270050048828125000000000         -0.99863769370778666     
  0.509286412037909030914306640625000000         -0.99829837447151160     
  0.510263929143548011779785156250000000         -0.99792139641016109     
  0.511241446249186992645263671875000000         -0.99750677374448427     
  0.512218963354825973510742187500000000         -0.99705452211529833     
  0.513196480460464954376220703125000000         -0.99656465858289855     
  0.514173997566103935241699218750000000         -0.99603720162641463     
  0.515151514671742916107177734375000000         -0.99547217114311348     
  0.516129031777381896972656250000000000         -0.99486958844764872     
  0.517106548883020877838134765625000000         -0.99422947627125680     
  0.518084065988659858703613281250000000         -0.99355185876089935     
  0.519061583094298839569091796875000000         -0.99283676147835209     
  0.520039100199937820434570312500000000         -0.99208421139924097     
  0.521016617305576801300048828125000000         -0.99129423691202434     
  0.521994134411215782165527343750000000         -0.99046686781692206     
  0.522971651516854763031005859375000000         -0.98960213532479124     
  0.523949168622493743896484375000000000         -0.98870007205594912     
  0.524926685728132724761962890625000000         -0.98776071203894256     
  0.525904202833771705627441406250000000         -0.98678409070926387     
  0.526881719939410686492919921875000000         -0.98577024490801468     
  0.527859237045049667358398437500000000         -0.98471921288051589     
  0.528836754150688648223876953125000000         -0.98363103427486509     
  0.529814271256327629089355468750000000         -0.98250575014044050     
  0.530791788361966609954833984375000000         -0.98134340292635325     
  0.531769305467605590820312500000000000         -0.98014403647984505     
  0.532746822573244571685791015625000000         -0.97890769604463523     
  0.533724339678883552551269531250000000         -0.97763442825921310     
  0.534701856784522533416748046875000000         -0.97632428115507908     
  0.535679373890161514282226562500000000         -0.97497730415493278     
  0.536656890995800495147705078125000000         -0.97359354807080845     
  0.537634408101439476013183593750000000         -0.97217306510215828     
  0.538611925207078456878662109375000000         -0.97071590883388348     
  0.539589442312717437744140625000000000         -0.96922213423431236     
  0.540566959418356418609619140625000000         -0.96769179765312763     
  0.541544476523995399475097656250000000         -0.96612495681923960     
  0.542521993629634380340576171875000000         -0.96452167083860951     
  0.543499510735273361206054687500000000         -0.96288200019201919     
  0.544477027840912342071533203125000000         -0.96120600673279011     
  0.545454544946551322937011718750000000         -0.95949375368444934     
  0.546432062052190303802490234375000000         -0.95774530563834526     
  0.547409579157829284667968750000000000         -0.95596072855121061     
  0.548387096263468265533447265625000000         -0.95414008974267472     
  0.549364613369107246398925781250000000         -0.95228345789272340     
  0.550342130474746227264404296875000000         -0.95039090303910889     
  0.551319647580385208129882812500000000         -0.94846249657470727     
  0.552297164686024188995361328125000000         -0.94649831124482553     
  0.553274681791663169860839843750000000         -0.94449842114445737     
  0.554252198897302150726318359375000000         -0.94246290171548808     
  0.555229716002941131591796875000000000         -0.94039182974384861     
  0.556207233108580112457275390625000000         -0.93828528335661920     
  0.557184750214219093322753906250000000         -0.93614334201908178     
  0.558162267319858074188232421875000000         -0.93396608653172275     
  0.559139784425497055053710937500000000         -0.93175359902718469     
  0.560117301531136035919189453125000000         -0.92950596296716814     
  0.561094818636775016784667968750000000         -0.92722326313928283     
  0.562072335742413997650146484375000000         -0.92490558565385006     
  0.563049852848052978515625000000000000         -0.92255301794065336     
  0.564027369953691959381103515625000000         -0.92016564874564133     
  0.565004887059330940246582031250000000         -0.91774356812757896     
  0.565982404164969921112060546875000000         -0.91528686745465115     
  0.566959921270608901977539062500000000         -0.91279563940101538     
  0.567937438376247882843017578125000000         -0.91026997794330633     
  0.568914955481886863708496093750000000         -0.90770997835709033     
  0.569892472587525844573974609375000000         -0.90511573721327143     
  0.570869989693164825439453125000000000         -0.90248735237444855     
  0.571847506798803806304931640625000000         -0.89982492299122396     
  0.572825023904442787170410156250000000         -0.89712854949846244     
  0.573802541010081768035888671875000000         -0.89439833361150312     
  0.574780058115720748901367187500000000         -0.89163437832232229     
  0.575757575221359729766845703125000000         -0.88883678789564824     
  0.576735092326998710632324218750000000         -0.88600566786502810     
  0.577712609432637691497802734375000000         -0.88314112502884667     
  0.578690126538276672363281250000000000         -0.88024326744629777     
  0.579667643643915653228759765625000000         -0.87731220443330815     
  0.580645160749554634094238281250000000         -0.87434804655841325     
  0.581622677855193614959716796875000000         -0.87135090563858653     
  0.582600194960832595825195312500000000         -0.86832089473502139     
  0.583577712066471576690673828125000000         -0.86525812814886638     
  0.584555229172110557556152343750000000         -0.86216272141691286     
  0.585532746277749538421630859375000000         -0.85903479130723692     
  0.586510263383388519287109375000000000         -0.85587445581479482     
  0.587487780489027500152587890625000000         -0.85268183415697130     
  0.588465297594666481018066406250000000         -0.84945704676908274     
  0.589442814700305461883544921875000000         -0.84620021529983380     
  0.590420331805944442749023437500000000         -0.84291146260672856     
  0.591397848911583423614501953125000000         -0.83959091275143583     
  0.592375366017222404479980468750000000         -0.83623869099510950     
  0.593352883122861385345458984375000000         -0.83285492379366288     
  0.594330400228500366210937500000000000         -0.82943973879299859     
  0.595307917334139347076416015625000000         -0.82599326482419333     
  0.596285434439778327941894531250000000         -0.82251563189863830     
  0.597262951545417308807373046875000000         -0.81900697120313415     
  0.598240468651056289672851562500000000         -0.81546741509494292     
  0.599217985756695270538330078125000000         -0.81189709709679447     
  0.600195502862334251403808593750000000         -0.80829615189185022     
  0.601173019967973232269287109375000000         -0.80466471531862194     
  0.602150537073612213134765625000000000         -0.80100292436584786     
  0.603128054179251194000244140625000000         -0.79731091716732483     
  0.604105571284890174865722656250000000         -0.79358883299669791     
  0.605083088390529155731201171875000000         -0.78983681226220592     
  0.606060605496168136596679687500000000         -0.78605499650138522     
  0.607038122601807117462158203125000000         -0.78224352837573052     
  0.608015639707446098327636718750000000         -0.77840255166531314     
  0.608993156813085079193115234375000000         -0.77453221126335703     
  0.609970673918724060058593750000000000         -0.77063265317077334     
  0.610948191024363040924072265625000000         -0.76670402449065256     
  0.611925708130002021789550781250000000         -0.76274647342271518     
  0.612903225235641002655029296875000000         -0.75876014925772173     
  0.613880742341279983520507812500000000         -0.75474520237184051     
  0.614858259446918964385986328125000000         -0.75070178422097522     
  0.615835776552557945251464843750000000         -0.74663004733505156     
  0.616813293658196926116943359375000000         -0.74253014531226313     
  0.617790810763835906982421875000000000         -0.73840223281327777     
  0.618768327869474887847900390625000000         -0.73424646555540274     
  0.619745844975113868713378906250000000         -0.73006300030671056     
  0.620723362080752849578857421875000000         -0.72585199488012608     
  0.621700879186391830444335937500000000         -0.72161360812747222     
  0.622678396292030811309814453125000000         -0.71734799993347809     
  0.623655913397669792175292968750000000         -0.71305533120974807     
  0.624633430503308773040771484375000000         -0.70873576388869086     
  0.625610947608947753906250000000000000         -0.70438946091741161     
  0.626588464714586734771728515625000000         -0.70001658625156482     
  0.627565981820225715637207031250000000         -0.69561730484916939     
  0.628543498925864696502685546875000000         -0.69119178266438586     
  0.629521016031503677368164062500000000         -0.68674018664125636     
  0.630498533137142658233642578125000000         -0.68226268470740681     
  0.631476050242781639099121093750000000         -0.67775944576771197     
  0.632453567348420619964599609375000000         -0.67323063969792452     
  0.633431084454059600830078125000000000         -0.66867643733826598     
  0.634408601559698581695556640625000000         -0.66409701048698255     
  0.635386118665337562561035156250000000         -0.65949253189386470     
  0.636363635770976543426513671875000000         -0.65486317525372961     
  0.637341152876615524291992187500000000         -0.65020911519986979     
  0.638318669982254505157470703125000000         -0.64553052729746496     
  0.639296187087893486022949218750000000         -0.64082758803695894     
  0.640273704193532466888427734375000000         -0.63610047482740273     
  0.641251221299171447753906250000000000         -0.63134936598976110     
  0.642228738404810428619384765625000000         -0.62657444075018665     
  0.643206255510449409484863281250000000         -0.62177587923325817     
  0.644183772616088390350341796875000000         -0.61695386245518635     
  0.645161289721727371215820312500000000         -0.61210857231698490     
  0.646138806827366352081298828125000000         -0.60724019159760889     
  0.647116323933005332946777343750000000         -0.60234890394705976     
  0.648093841038644313812255859375000000         -0.59743489387945747     
  0.649071358144283294677734375000000000         -0.59249834676608026     
  0.650048875249922275543212890625000000         -0.58753944882837117     
  0.651026392355561256408691406250000000         -0.58255838713091435     
  0.652003909461200237274169921875000000         -0.57755534957437749     
  0.652981426566839218139648437500000000         -0.57253052488842382     
  0.653958943672478199005126953125000000         -0.56748410262459315     
  0.654936460778117179870605468750000000         -0.56241627314915088     
  0.655913977883756160736083984375000000         -0.55732722763590681     
  0.656891494989395141601562500000000000         -0.55221715805900395     
  0.657869012095034122467041015625000000         -0.54708625718567616     
  0.658846529200673103332519531250000000         -0.54193471856897679     
  0.659824046306312084197998046875000000         -0.53676273654047713     
  0.660801563411951065063476562500000000         -0.53157050620293544     
  0.661779080517590045928955078125000000         -0.52635822342293725     
  0.662756597623229026794433593750000000         -0.52112608482350686     
  0.663734114728868007659912109375000000         -0.51587428777668998     
  0.664711631834506988525390625000000000         -0.51060303039610788     
  0.665689148940145969390869140625000000         -0.50531251152948464     
  0.666666666045784950256347656250000000         -0.50000293075114577     
  0.667644183151423931121826171875000000         -0.49467448835448913     
  0.668621700257062911987304687500000000         -0.48932738534443010     
  0.669599217362701892852783203125000000         -0.48396182342981842     
  0.670576734468340873718261718750000000         -0.47857800501582959     
  0.671554251573979854583740234375000000         -0.47317613319632917     
  0.672531768679618835449218750000000000         -0.46775641174621163     
  0.673509285785257816314697265625000000         -0.46231904511371336     
  0.674486802890896797180175781250000000         -0.45686423841270024     
  0.675464319996535778045654296875000000         -0.45139219741493014     
  0.676441837102174758911132812500000000         -0.44590312854229058     
  0.677419354207813739776611328125000000         -0.44039723885901177     
  0.678396871313452720642089843750000000         -0.43487473606385568     
  0.679374388419091701507568359375000000         -0.42933582848228108     
  0.680351905524730682373046875000000000         -0.42378072505858455     
  0.681329422630369663238525390625000000         -0.41820963534801880     
  0.682306939736008644104003906250000000         -0.41262276950888749     
  0.683284456841647624969482421875000000         -0.40702033829461731     
  0.684261973947286605834960937500000000         -0.40140255304580796     
  0.685239491052925586700439453125000000         -0.39576962568225960     
  0.686217008158564567565917968750000000         -0.39012176869497855     
  0.687194525264203548431396484375000000         -0.38445919513816162     
  0.688172042369842529296875000000000000         -0.37878211862115907     
  0.689149559475481510162353515625000000         -0.37309075330041630     
  0.690127076581120491027832031250000000         -0.36738531387139578     
  0.691104593686759471893310546875000000         -0.36166601556047762     
  0.692082110792398452758789062500000000         -0.35593307411684078     
  0.693059627898037433624267578125000000         -0.35018670580432432     
  0.694037145003676414489746093750000000         -0.34442712739326925     
  0.695014662109315395355224609375000000         -0.33865455615234141     
  0.695992179214954376220703125000000000         -0.33286920984033530     
  0.696969696320593357086181640625000000         -0.32707130669795964     
  0.697947213426232337951660156250000000         -0.32126106543960470     
  0.698924730531871318817138671875000000         -0.31543870524509160     
  0.699902247637510299682617187500000000         -0.30960444575140439     
  0.700879764743149280548095703125000000         -0.30375850704440449     
  0.701857281848788261413574218750000000         -0.29790110965052852     
  0.702834798954427242279052734375000000         -0.29203247452846920     
  0.703812316060066223144531250000000000         -0.28615282306084033     
  0.704789833165705204010009765625000000         -0.28026237704582563     
  0.705767350271344184875488281250000000         -0.27436135868881140     
  0.706744867376983165740966796875000000         -0.26844999059400476     
  0.707722384482622146606445312500000000         -0.26252849575603615     
  0.708699901588261127471923828125000000         -0.25659709755154719     
  0.709677418693900108337402343750000000         -0.25065601973076446     
  0.710654935799539089202880859375000000         -0.24470548640905879     
  0.711632452905178070068359375000000000         -0.23874572205849104     
  0.712609970010817050933837890625000000         -0.23277695149934433     
  0.713587487116456031799316406250000000         -0.22679939989164308     
  0.714565004222095012664794921875000000         -0.22081329272665939     
  0.715542521327733993530273437500000000         -0.21481885581840676     
  0.716520038433372974395751953125000000         -0.20881631529512173     
  0.717497555539011955261230468750000000         -0.20280589759073361     
  0.718475072644650936126708984375000000         -0.19678782943632275     
  0.719452589750289916992187500000000000         -0.19076233785156757     
  0.720430106855928897857666015625000000         -0.18472965013618065     
  0.721407623961567878723144531250000000         -0.17868999386133430     
  0.722385141067206859588623046875000000         -0.17264359686107594     
  0.723362658172845840454101562500000000         -0.16659068722373344     
  0.724340175278484821319580078125000000         -0.16053149328331101     
  0.725317692384123802185058593750000000         -0.15446624361087574     
  0.726295209489762783050537109375000000         -0.14839516700593514     
  0.727272726595401763916015625000000000         -0.14231849248780620     
  0.728250243701040744781494140625000000         -0.13623644928697609     
  0.729227760806679725646972656250000000         -0.13014926683645492     
  0.730205277912318706512451171875000000         -0.12405717476312073     
  0.731182795017957687377929687500000000         -0.11796040287905735     
  0.732160312123596668243408203125000000         -0.11185918117288521     
  0.733137829229235649108886718750000000         -0.10575373980108542     
  0.734115346334874629974365234375000000          -9.9644309079317636E-002
  0.735092863440513610839843750000000000          -9.3531119473731800E-002
  0.736070380546152591705322265625000000          -8.7414401592274274E-002
  0.737047897651791572570800781250000000          -8.1294386175988664E-002
  0.738025414757430553436279296875000000          -7.5171304090311489E-002
  0.739002931863069534301757812500000000          -6.9045386316363339E-002
  0.739980448968708515167236328125000000          -6.2916863942235460E-002
  0.740957966074347496032714843750000000          -5.6785968154272504E-002
  0.741935483179986476898193359375000000          -5.0652930228351448E-002
  0.742913000285625457763671875000000000          -4.4517981521157164E-002
  0.743890517391264438629150390625000000          -3.8381353461454958E-002
  0.744868034496903419494628906250000000          -3.2243277541360374E-002
  0.745845551602542400360107421875000000          -2.6103985307606627E-002
  0.746823068708181381225585937500000000          -1.9963708352809941E-002
  0.747800585813820362091064453125000000          -1.3822678306733187E-002
  0.748778102919459342956542968750000000          -7.6811268275481176E-003
  0.749755620025098323822021484375000000          -1.5392855930965073E-003
  0.750733137130737304687500000000000000           4.6026137078494242E-003
  0.751710654236376285552978515625000000           1.0744339384327013E-002
  0.752688171342015266418457031250000000           1.6885659751923236E-002
  0.753665688447654247283935546875000000           2.3026343141514541E-002
  0.754643205553293228149414062500000000           2.9166157908006109E-002
  0.755620722658932209014892578125000000           3.5304872439070205E-002
  0.756598239764571189880371093750000000           4.1442255163883279E-002
  0.757575756870210170745849609375000000           4.7578074561861555E-002
  0.758553273975849151611328125000000000           5.3712099171394634E-002
  0.759530791081488132476806640625000000           5.9844097598576965E-002
  0.760508308187127113342285156250000000           6.5973838525936690E-002
  0.761485825292766094207763671875000000           7.2101090721161679E-002
  0.762463342398405075073242187500000000           7.8225623045822257E-002
  0.763440859504044055938720703125000000           8.4347204464090469E-002
  0.764418376609683036804199218750000000           9.0465604051455456E-002
  0.765395893715322017669677734375000000           9.6580591003434635E-002
  0.766373410820960998535156250000000000          0.10269193464428028     
  0.767350927926599979400634765625000000          0.10879940443568137     
  0.768328445032238960266113281250000000          0.11490276998546017     
  0.769305962137877941131591796875000000          0.12100180105626333     
  0.770283479243516921997070312500000000          0.12709626757424708     
  0.771260996349155902862548828125000000          0.13318593963775635     
  0.772238513454794883728027343750000000          0.13927058752599739     
  0.773216030560433864593505859375000000          0.14534998170770344     
  0.774193547666072845458984375000000000          0.15142389284979343     
  0.775171064771711826324462890625000000          0.15749209182602311     
  0.776148581877350807189941406250000000          0.16355434972562827     
  0.777126098982989788055419921875000000          0.16961043786196006     
  0.778103616088628768920898437500000000          0.17566012778111173     
  0.779081133194267749786376953125000000          0.18170319127053655     
  0.780058650299906730651855468750000000          0.18773940036765674     
  0.781036167405545711517333984375000000          0.19376852736846278     
  0.782013684511184692382812500000000000          0.19979034483610328     
  0.782991201616823673248291015625000000          0.20580462560946441     
  0.783968718722462654113769531250000000          0.21181114281173921     
  0.784946235828101634979248046875000000          0.21780966985898606     
  0.785923752933740615844726562500000000          0.22379998046867600     
  0.786901270039379596710205078125000000          0.22978184866822896     
  0.787878787145018577575683593750000000          0.23575504880353798     
  0.788856304250657558441162109375000000          0.24171935554748164     
  0.789833821356296539306640625000000000          0.24767454390842406     
  0.790811338461935520172119140625000000          0.25362038923870228     
  0.791788855567574501037597656250000000          0.25955666724310061     
  0.792766372673213481903076171875000000          0.26548315398731170     
  0.793743889778852462768554687500000000          0.27139962590638422     
  0.794721406884491443634033203125000000          0.27730585981315603     
  0.795698923990130424499511718750000000          0.28320163290667383     
  0.796676441095769405364990234375000000          0.28908672278059766     
  0.797653958201408386230468750000000000          0.29496090743159092     
  0.798631475307047367095947265625000000          0.30082396526769484     
  0.799608992412686347961425781250000000          0.30667567511668758     
  0.800586509518325328826904296875000000          0.31251581623442781     
  0.801564026623964309692382812500000000          0.31834416831318135     
  0.802541543729603290557861328125000000          0.32416051148993241     
  0.803519060835242271423339843750000000          0.32996462635467694     
  0.804496577940881252288818359375000000          0.33575629395869988     
  0.805474095046520233154296875000000000          0.34153529582283426     
  0.806451612152159214019775390625000000          0.34730141394570302     
  0.807429129257798194885253906250000000          0.35305443081194282     
  0.808406646363437175750732421875000000          0.35879412940040911     
  0.809384163469076156616210937500000000          0.36452029319236284     
  0.810361680574715137481689453125000000          0.37023270617963849     
  0.811339197680354118347167968750000000          0.37593115287279222     
  0.812316714785993099212646484375000000          0.38161541830923101     
  0.813294231891632080078125000000000000          0.38728528806132156     
  0.814271748997271060943603515625000000          0.39294054824447927     
  0.815249266102910041809082031250000000          0.39858098552523635     
  0.816226783208549022674560546875000000          0.40420638712928980     
  0.817204300314188003540039062500000000          0.40981654084952757     
  0.818181817419826984405517578125000000          0.41541123505403377     
  0.819159334525465965270996093750000000          0.42099025869407208     
  0.820136851631104946136474609375000000          0.42655340131204716     
  0.821114368736743927001953125000000000          0.43210045304944372     
  0.822091885842382907867431640625000000          0.43763120465474287     
  0.823069402948021888732910156250000000          0.44314544749131601     
  0.824046920053660869598388671875000000          0.44864297354529503     
  0.825024437159299850463867187500000000          0.45412357543341930     
  0.826001954264938831329345703125000000          0.45958704641085862     
  0.826979471370577812194824218750000000          0.46503318037901259     
  0.827956988476216793060302734375000000          0.47046177189328503     
  0.828934505581855773925781250000000000          0.47587261617083387     
  0.829912022687494754791259765625000000          0.48126550909829652     
  0.830889539793133735656738281250000000          0.48664024723948934     
  0.831867056898772716522216796875000000          0.49199662784308201     
  0.832844574004411697387695312500000000          0.49733444885024591     
  0.833822091110050678253173828125000000          0.50265350890227622     
  0.834799608215689659118652343750000000          0.50795360734818829     
  0.835777125321328639984130859375000000          0.51323454425228587     
  0.836754642426967620849609375000000000          0.51849612040170434     
  0.837732159532606601715087890625000000          0.52373813731392493     
  0.838709676638245582580566406250000000          0.52896039724426225     
  0.839687193743884563446044921875000000          0.53416270319332393     
  0.840664710849523544311523437500000000          0.53934485891444195     
  0.841642227955162525177001953125000000          0.54450666892107547     
  0.842619745060801506042480468750000000          0.54964793849418558     
  0.843597262166440486907958984375000000          0.55476847368958027     
  0.844574779272079467773437500000000000          0.55986808134523103     
  0.845552296377718448638916015625000000          0.56494656908855911     
  0.846529813483357429504394531250000000          0.57000374534369236     
  0.847507330588996410369873046875000000          0.57503941933869263     
  0.848484847694635391235351562500000000          0.58005340111275150     
  0.849462364800274372100830078125000000          0.58504550152335677     
  0.850439881905913352966308593750000000          0.59001553225342707     
  0.851417399011552333831787109375000000          0.59496330581841606     
  0.852394916117191314697265625000000000          0.59988863557338479     
  0.853372433222830295562744140625000000          0.60479133572004251     
  0.854349950328469276428222656250000000          0.60967122131375528     
  0.855327467434108257293701171875000000          0.61452810827052329     
  0.856304984539747238159179687500000000          0.61936181337392449     
  0.857282501645386219024658203125000000          0.62417215428202610     
  0.858260018751025199890136718750000000          0.62895894953426357     
  0.859237535856664180755615234375000000          0.63372201855828503     
  0.860215052962303161621093750000000000          0.63846118167676402     
  0.861192570067942142486572265625000000          0.64317626011417661     
  0.862170087173581123352050781250000000          0.64786707600354554     
  0.863147604279220104217529296875000000          0.65253345239315041     
  0.864125121384859085083007812500000000          0.65717521325320216     
  0.865102638490498065948486328125000000          0.66179218348248381     
  0.866080155596137046813964843750000000          0.66638418891495566     
  0.867057672701776027679443359375000000          0.67095105632632568     
  0.868035189807415008544921875000000000          0.67549261344058353     
  0.869012706913053989410400390625000000          0.68000868893649968     
  0.869990224018692970275878906250000000          0.68449911245408823     
  0.870967741124331951141357421875000000          0.68896371460103289     
  0.871945258229970932006835937500000000          0.69340232695907777     
  0.872922775335609912872314453125000000          0.69781478209037995     
  0.873900292441248893737792968750000000          0.70220091354382597     
  0.874877809546887874603271484375000000          0.70656055586131095     
  0.875855326652526855468750000000000000          0.71089354458398002     
  0.876832843758165836334228515625000000          0.71519971625843248     
  0.877810360863804817199707031250000000          0.71947890844288731     
  0.878787877969443798065185546875000000          0.72373095971331147     
  0.879765395075082778930664062500000000          0.72795570966950862     
  0.880742912180721759796142578125000000          0.73215299894117081     
  0.881720429286360740661621093750000000          0.73632266919388956     
  0.882697946391999721527099609375000000          0.74046456313512932     
  0.883675463497638702392578125000000000          0.74457852452016049     
  0.884652980603277683258056640625000000          0.74866439815795405     
  0.885630497708916664123535156250000000          0.75272202991703530     
  0.886608014814555644989013671875000000          0.75675126673129844     
  0.887585531920194625854492187500000000          0.76075195660578043     
  0.888563049025833606719970703125000000          0.76472394862239523     
  0.889540566131472587585449218750000000          0.76866709294562618     
  0.890518083237111568450927734375000000          0.77258124082817892     
  0.891495600342750549316406250000000000          0.77646624461659208     
  0.892473117448389530181884765625000000          0.78032195775680735     
  0.893450634554028511047363281250000000          0.78414823479969820     
  0.894428151659667491912841796875000000          0.78794493140655630     
  0.895405668765306472778320312500000000          0.79171190435453664     
  0.896383185870945453643798828125000000          0.79544901154206027     
  0.897360702976584434509277343750000000          0.79915611199417469     
  0.898338220082223415374755859375000000          0.80283306586787195     
  0.899315737187862396240234375000000000          0.80647973445736409     
  0.900293254293501377105712890625000000          0.81009598019931528     
  0.901270771399140357971191406250000000          0.81368166667803132     
  0.902248288504779338836669921875000000          0.81723665863060546     
  0.903225805610418319702148437500000000          0.82076082195202105     
  0.904203322716057300567626953125000000          0.82425402370021050     
  0.905180839821696281433105468750000000          0.82771613210106998     
  0.906158356927335262298583984375000000          0.83114701655343060     
  0.907135874032974243164062500000000000          0.83454654763398495     
  0.908113391138613224029541015625000000          0.83791459710216909     
  0.909090908244252204895019531250000000          0.84125103790500089     
  0.910068425349891185760498046875000000          0.84455574418187207     
  0.911045942455530166625976562500000000          0.84782859126929655     
  0.912023459561169147491455078125000000          0.85106945570561265     
  0.913000976666808128356933593750000000          0.85427821523564107     
  0.913978493772447109222412109375000000          0.85745474881529626     
  0.914956010878086090087890625000000000          0.86059893661615261     
  0.915933527983725070953369140625000000          0.86371066002996488     
  0.916911045089364051818847656250000000          0.86678980167314268     
  0.917888562195003032684326171875000000          0.86983624539117765     
  0.918866079300642013549804687500000000          0.87284987626302646     
  0.919843596406280994415283203125000000          0.87583058060544472     
  0.920821113511919975280761718750000000          0.87877824597727638     
  0.921798630617558956146240234375000000          0.88169276118369477     
  0.922776147723197937011718750000000000          0.88457401628039767     
  0.923753664828836917877197265625000000          0.88742190257775411     
  0.924731181934475898742675781250000000          0.89023631264490533     
  0.925708699040114879608154296875000000          0.89301714031381663     
  0.926686216145753860473632812500000000          0.89576428068328251     
  0.927663733251392841339111328125000000          0.89847763012288440     
  0.928641250357031822204589843750000000          0.90115708627689917     
  0.929618767462670803070068359375000000          0.90380254806816074     
  0.930596284568309783935546875000000000          0.90641391570187291     
  0.931573801673948764801025390625000000          0.90899109066937389     
  0.932551318779587745666503906250000000          0.91153397575185235     
  0.933528835885226726531982421875000000          0.91404247502401492     
  0.934506352990865707397460937500000000          0.91651649385770451     
  0.935483870096504688262939453125000000          0.91895593892547034     
  0.936461387202143669128417968750000000          0.92136071820408827     
  0.937438904307782649993896484375000000          0.92373074097803232     
  0.938416421413421630859375000000000000          0.92606591784289638     
  0.939393938519060611724853515625000000          0.92836616070876743     
  0.940371455624699592590332031250000000          0.93063138280354818     
  0.941348972730338573455810546875000000          0.93286149867623036     
  0.942326489835977554321289062500000000          0.93505642420011836     
  0.943304006941616535186767578125000000          0.93721607657600248     
  0.944281524047255516052246093750000000          0.93934037433528261     
  0.945259041152894496917724609375000000          0.94142923734304151     
  0.946236558258533477783203125000000000          0.94348258680106734     
  0.947214075364172458648681640625000000          0.94550034525082682     
  0.948191592469811439514160156250000000          0.94748243657638653     
  0.949169109575450420379638671875000000          0.94942878600728464     
  0.950146626681089401245117187500000000          0.95133932012135136     
  0.951124143786728382110595703125000000          0.95321396684747861     
  0.952101660892367362976074218750000000          0.95505265546833895     
  0.953079177998006343841552734375000000          0.95685531662305290     
  0.954056695103645324707031250000000000          0.95862188230980572     
  0.955034212209284305572509765625000000          0.96035228588841270     
  0.956011729314923286437988281250000000          0.96204646208283273     
  0.956989246420562267303466796875000000          0.96370434698363094     
  0.957966763526201248168945312500000000          0.96532587805038939     
  0.958944280631840229034423828125000000          0.96691099411406656     
  0.959921797737479209899902343750000000          0.96845963537930468     
  0.960899314843118190765380859375000000          0.96997174342668502     
  0.961876831948757171630859375000000000          0.97144726121493241     
  0.962854349054396152496337890625000000          0.97288613308306648     
  0.963831866160035133361816406250000000          0.97428830475250128     
  0.964809383265674114227294921875000000          0.97565372332909317     
  0.965786900371313095092773437500000000          0.97698233730513595     
  0.966764417476952075958251953125000000          0.97827409656130415     
  0.967741934582591056823730468750000000          0.97952895236854320     
  0.968719451688230037689208984375000000          0.98074685738990797     
  0.969696968793869018554687500000000000          0.98192776568234852     
  0.970674485899507999420166015625000000          0.98307163269844289     
  0.971652003005146980285644531250000000          0.98417841528807803     
  0.972629520110785961151123046875000000          0.98524807170007700     
  0.973607037216424942016601562500000000          0.98628056158377442     
  0.974584554322063922882080078125000000          0.98727584599053830     
  0.975562071427702903747558593750000000          0.98823388737523965     
  0.976539588533341884613037109375000000          0.98915464959766841     
  0.977517105638980865478515625000000000          0.99003809792389685     
  0.978494622744619846343994140625000000          0.99088419902759028     
  0.979472139850258827209472656250000000          0.99169292099126338     
  0.980449656955897808074951171875000000          0.99246423330748512     
  0.981427174061536788940429687500000000          0.99319810688002896     
  0.982404691167175769805908203125000000          0.99389451402497075     
  0.983382208272814750671386718750000000          0.99455342847173300     
  0.984359725378453731536865234375000000          0.99517482536407575     
  0.985337242484092712402343750000000000          0.99575868126103428     
  0.986314759589731693267822265625000000          0.99630497413780383     
  0.987292276695370674133300781250000000          0.99681368338656939     
  0.988269793801009654998779296875000000          0.99728478981728430     
  0.989247310906648635864257812500000000          0.99771827565839322     
  0.990224828012287616729736328125000000          0.99811412455750315     
  0.991202345117926597595214843750000000          0.99847232158199983     
  0.992179862223565578460693359375000000          0.99879285321961142     
  0.993157379329204559326171875000000000          0.99907570737891793     
  0.994134896434843540191650390625000000          0.99932087338980757     
  0.995112413540482521057128906250000000          0.99952834200387908     
  0.996089930646121501922607421875000000          0.99969810539479076     
  0.997067447751760482788085937500000000          0.99983015715855550     
  0.998044964857399463653564453125000000          0.99992449231378255     
  0.999022481963038444519042968750000000          0.99998110730186540     
  0.999999999068677425384521484375000000          0.99999999998711597     
