   0.00000000000000000000000000000000000           0.0000000000000000     
   9.77517105638980865478515625000000000E-0004     2.2070239856245948     
   1.95503421127796173095703125000000000E-0003    -1.3271389387750296     
   2.93255131691694259643554687500000000E-0003     1.2533934220166829     
   3.91006842255592346191406250000000000E-0003    -1.7628878920265980     
   4.88758552819490432739257812500000000E-0003   -0.69838812968382091     
   5.86510263383388519287109375000000000E-0003     2.5320745206824258     
   6.84261973947286605834960937500000000E-0003    -1.2580880262735745     
   7.82013684511184692382812500000000000E-0003     1.0495484931038461     
   8.79765395075082778930664062500000000E-0003    -1.2371352448992059     
   9.77517105638980865478515625000000000E-0003    -1.3497552041370882     
   1.07526881620287895202636718750000000E-0002     2.7088994790554866     
   1.17302052676677703857421875000000000E-0002    -1.0456154463771057     
   1.27077223733067512512207031250000000E-0002    0.73922963611968018     
   1.36852394789457321166992187500000000E-0002   -0.67254798496969337     
   1.46627565845847129821777343750000000E-0002    -1.9106422947724051     
   1.56402736902236938476562500000000000E-0002     2.7190656073670820     
   1.66177907958626747131347656250000000E-0002   -0.70133887246110560     
   1.75953079015016555786132812500000000E-0002    0.35496869214653592     
   1.85728250071406364440917968750000000E-0002   -0.11380672495896012     
   1.95503421127796173095703125000000000E-0002    -2.3444355743806922     
   2.05278592184185981750488281250000000E-0002     2.5563960326181459     
   2.15053763240575790405273437500000000E-0002   -0.24830185020509610     
   2.24828934296965599060058593750000000E-0002    -6.4533737220935444E-002
   2.34604105353355407714843750000000000E-0002    0.39605054859613742     
   2.44379276409745216369628906250000000E-0002    -2.6241130581927719     
   2.54154447466135025024414062500000000E-0002     2.2275670825681106     
   2.63929618522524833679199218750000000E-0002    0.28076870007488036     
   2.73704789578914642333984375000000000E-0002   -0.47764114070352331     
   2.83479960635304450988769531250000000E-0002    0.81901602499166470     
   2.93255131691694259643554687500000000E-0002    -2.7342404209801043     
   3.03030302748084068298339843750000000E-0002     1.7517028521211917     
   3.12805473804473876953125000000000000E-0002    0.84599395236890584     
   3.22580644860863685607910156250000000E-0002   -0.84324957634782705     
   3.32355815917253494262695312500000000E-0002     1.1250777475164477     
   3.42130986973643302917480468750000000E-0002    -2.6720605537595423     
   3.51906158030033111572265625000000000E-0002     1.1589971955939404     
   3.61681329086422920227050781250000000E-0002     1.4034641436338791     
   3.71456500142812728881835937500000000E-0002    -1.1242134115578590     
   3.81231671199202537536621093750000000E-0002     1.2945292088316351     
   3.91006842255592346191406250000000000E-0002    -2.4475931370833606     
   4.00782013311982154846191406250000000E-0002    0.48846965903692258     
   4.10557184368371963500976562500000000E-0002     1.9087023786972572     
   4.20332355424761772155761718750000000E-0002    -1.2904533562176106     
   4.30107526481151580810546875000000000E-0002     1.3194411173321368     
   4.39882697537541389465332031250000000E-0002    -2.0827387070671599     
   4.49657868593931198120117187500000000E-0002   -0.21496969032953828     
   4.59433039650321006774902343750000000E-0002     2.3201969595796474     
   4.69208210706710815429687500000000000E-0002    -1.3214970906852874     
   4.78983381763100624084472656250000000E-0002     1.2041804375593108     
   4.88758552819490432739257812500000000E-0002    -1.6094602802489644     
   4.98533723875880241394042968750000000E-0002   -0.90391695176478859     
   5.08308894932270050048828125000000000E-0002     2.6027220243029290     
   5.18084065988659858703613281250000000E-0002    -1.2082479252703695     
   5.27859237045049667358398437500000000E-0002    0.96493773207445854     
   5.37634408101439476013183593750000000E-0002    -1.0671883590517552     
   5.47409579157829284667968750000000000E-0002    -1.5320665238342168     
   5.57184750214219093322753906250000000E-0002     2.7301825998369531     
   5.66959921270608901977539062500000000E-0002   -0.95383834583994920     
   5.76735092326998710632324218750000000E-0002    0.62830280343982881     
   5.86510263383388519287109375000000000E-0002   -0.49965629945620971     
   5.96285434439778327941894531250000000E-0002    -2.0577171580955937     
   6.06060605496168136596679687500000000E-0002     2.6877574313113355     
   6.15835776552557945251464843750000000E-0002   -0.57349812706764591     
   6.25610947608947753906250000000000000E-0002    0.22900438420615782     
   6.35386118665337562561035156250000000E-0002     4.8582254925564429E-002
   6.45161289721727371215820312500000000E-0002    -2.4469172150499356     
   6.54936460778117179870605468750000000E-0002     2.4731681996051673     
   6.64711631834506988525390625000000000E-0002    -9.3445150314199255E-002
   6.74486802890896797180175781250000000E-0002   -0.19300386231123201     
   6.84261973947286605834960937500000000E-0002    0.53567742033416366     
   6.94037145003676414489746093750000000E-0002    -2.6760029283339368     
   7.03812316060066223144531250000000000E-0002     2.0969726093683412     
   7.13587487116456031799316406250000000E-0002    0.45111508039326575     
   7.23362658172845840454101562500000000E-0002   -0.59587676617625573     
   7.33137829229235649108886718750000000E-0002    0.92576932996930217     
   7.42913000285625457763671875000000000E-0002    -2.7333314663201600     
   7.52688171342015266418457031250000000E-0002     1.5818558662451667     
   7.62463342398405075073242187500000000E-0002     1.0187241543652992     
   7.72238513454794883728027343750000000E-0002   -0.93936287438670285     
   7.82013684511184692382812500000000000E-0002     1.1917766511023884     
   7.91788855567574501037597656250000000E-0002    -2.6200742201062299     
   8.01564026623964309692382812500000000E-0002    0.96097416403153701     
   8.11339197680354118347167968750000000E-0002     1.5649239800590926     
   8.21114368736743927001953125000000000E-0002    -1.1881617749146793     
   8.30889539793133735656738281250000000E-0002     1.3174673356026612     
   8.40664710849523544311523437500000000E-0002    -2.3500100009995193     
   8.50439881905913352966308593750000000E-0002    0.27547870350937581     
   8.60215052962303161621093750000000000E-0002     2.0457712300124138     
   8.69990224018692970275878906250000000E-0002    -1.3148839948114714     
   8.79765395075082778930664062500000000E-0002     1.2986489261579204     
   8.89540566131472587585449218750000000E-0002    -1.9483368161617973     
   8.99315737187862396240234375000000000E-0002   -0.42858646931530225     
   9.09090908244252204895019531250000000E-0002     2.4213345347868387     
   9.18866079300642013549804687500000000E-0002    -1.3023755571132025     
   9.28641250357031822204589843750000000E-0002     1.1433859589370534     
   9.38416421413421630859375000000000000E-0002    -1.4495983510248700     
   9.48191592469811439514160156250000000E-0002    -1.1037700184091395     
   9.57966763526201248168945312500000000E-0002     2.6588968541959090     
   9.67741934582591056823730468750000000E-0002    -1.1452198224736065     
   9.77517105638980865478515625000000000E-0002    0.87122951531334847     
   9.87292276695370674133300781250000000E-0002   -0.89489108625874203     
   9.97067447751760482788085937500000000E-0002    -1.7048091684125373     
  0.100684261880815029144287109375000000           2.7356083684271231     
  0.101661778986454010009765625000000000         -0.85029470166144661     
  0.102639296092092990875244140625000000          0.51152262676990989     
  0.103616813197731971740722656250000000         -0.32857458854559735     
  0.104594330303370952606201171875000000          -2.1920540325770501     
  0.105571847409009933471679687500000000           2.6403783541317352     
  0.106549364514648914337158203125000000         -0.43633850902212029     
  0.107526881620287895202636718750000000          0.10091878500541075     
  0.108504398725926876068115234375000000          0.20525354237900578     
  0.109481915831565856933593750000000000          -2.5344521607561403     
  0.110459432937204837799072265625000000           2.3748544305894850     
  0.111436950042843818664550781250000000           6.7443332750696125E-002
  0.112414467148482799530029296875000000         -0.31968658394330968     
  0.113391984254121780395507812500000000          0.66623839209026170     
  0.114369501359760761260986328125000000          -2.7118598182081790     
  0.115347018465399742126464843750000000           1.9534095356124377     
  0.116324535571038722991943359375000000          0.62362209600007590     
  0.117302052676677703857421875000000000         -0.70856512578816000     
  0.118279569782316684722900390625000000           1.0209284219984402     
  0.119257086887955665588378906250000000          -2.7164997258405879     
  0.120234603993594646453857421875000000           1.4021353203540630     
  0.121212121099233627319335937500000000           1.1894635671654847     
  0.122189638204872608184814453125000000          -1.0266314072933760     
  0.123167155310511589050292968750000000           1.2453662794561864     
  0.124144672416150569915771484375000000          -2.5534524474503946     
  0.125122189521789550781250000000000000          0.75691913233235786     
  0.126099706627428531646728515625000000           1.7202895039978336     
  0.127077223733067512512207031250000000          -1.2407066554435542     
  0.128054740838706493377685546875000000           1.3269055127800105     
  0.129032257944345474243164062500000000          -2.2401449550074908     
  0.130009775049984455108642578125000000           6.0754169579120602E-002
  0.130987292155623435974121093750000000           2.1730167169768992     
  0.131964809261262416839599609375000000          -1.3263083035174270     
  0.132942326366901397705078125000000000           1.2651107837458984     
  0.133919843472540378570556640625000000          -1.8048790906887031     
  0.134897360578179359436035156250000000         -0.63950700127556503     
  0.135874877683818340301513671875000000           2.5095932081538899     
  0.136852394789457321166992187500000000          -1.2697409794574552     
  0.137829911895096302032470703125000000           1.0716722370378435     
  0.138807429000735282897949218750000000          -1.2845184014217277     
  0.139784946106374263763427734375000000          -1.2967013662925029     
  0.140762463212013244628906250000000000           2.7000584947561181     
  0.141739980317652225494384765625000000          -1.0693201449255760     
  0.142717497423291206359863281250000000          0.76934321089011182     
  0.143695014528930187225341796875000000         -0.72151814825637817     
  0.144672531634569168090820312500000000          -1.8669287170416644     
  0.145650048740208148956298828125000000           2.7249845851587149     
  0.146627565845847129821777343750000000         -0.73562861068685448     
  0.147605082951486110687255859375000000          0.38998822193643506     
  0.148582600057125091552734375000000000         -0.16053493759507134     
  0.149560117162764072418212890625000000          -2.3128692033633609     
  0.150537634268403053283691406250000000           2.5771027438073113     
  0.151515151374042034149169921875000000         -0.29078313777634962     
  0.152492668479681015014648437500000000          -2.8101041285839037E-002
  0.153470185585319995880126953125000000          0.35511470237684845     
  0.154447702690958976745605468750000000          -2.6065853705918220     
  0.155425219796597957611083984375000000           2.2619853288507201     
  0.156402736902236938476562500000000000          0.23323282623159425     
  0.157380254007875919342041015625000000         -0.44340574699748986     
  0.158357771113514900207519531250000000          0.78686596670758246     
  0.159335288219153881072998046875000000          -2.7315896198165248     
  0.160312805324792861938476562500000000           1.7977265331894963     
  0.161290322430431842803955078125000000          0.79703978928394192     
  0.162267839536070823669433593750000000         -0.81463895547871545     
  0.163245356641709804534912109375000000           1.1039175664641716     
  0.164222873747348785400390625000000000          -2.6840160925358942     
  0.165200390852987766265869140625000000           1.2136449025754605     
  0.166177907958626747131347656250000000           1.3569416244214161     
  0.167155425064265727996826171875000000          -1.1041860449483298     
  0.168132942169904708862304687500000000           1.2856057624151200     
  0.169110459275543689727783203125000000          -2.4728067520269952     
  0.170087976381182670593261718750000000          0.54810778216169043     
  0.171065493486821651458740234375000000           1.8683704180570744     
  0.172043010592460632324218750000000000          -1.2812503920528771     
  0.173020527698099613189697265625000000           1.3229537467552621     
  0.173998044803738594055175781250000000          -2.1188993058125356     
  0.174975561909377574920654296875000000         -0.15435276664000480     
  0.175953079015016555786132812500000000           2.2894239885237071     
  0.176930596120655536651611328125000000          -1.3244516142637930     
  0.177908113226294517517089843750000000           1.2192752871384389     
  0.178885630331933498382568359375000000          -1.6534834176199271     
  0.179863147437572479248046875000000000         -0.84640703176556475     
  0.180840664543211460113525390625000000           2.5842154888732383     
  0.181818181648850440979003906250000000          -1.2236672275051195     
  0.182795698754489421844482421875000000          0.98978692087676323     
  0.183773215860128402709960937500000000          -1.1154651511137414     
  0.184750732965767383575439453125000000          -1.4815139686010221     
  0.185728250071406364440917968750000000           2.7257689416483544     
  0.186705767177045345306396484375000000         -0.98096876530056698     
  0.187683284282684326171875000000000000          0.66026194270033312     
  0.188660801388323307037353515625000000         -0.54834195125844842     
  0.189638318493962287902832031250000000          -2.0174457060002551     
  0.190615835599601268768310546875000000           2.6982301031474276     
  0.191593352705240249633789062500000000         -0.61057546851228384     
  0.192570869810879230499267578125000000          0.26483569923152045     
  0.193548386916518211364746093750000000           3.2632344769571997E-003
  0.194525904022157192230224609375000000          -2.4194740627264069     
  0.195503421127796173095703125000000000           2.4982159106363642     
  0.196480938233435153961181640625000000         -0.13782686780757933     
  0.197458455339074134826660156250000000         -0.15686076643716623     
  0.198435972444713115692138671875000000          0.49713352604162836     
  0.199413489550352096557617187500000000          -2.6629696183663358     
  0.200391006655991077423095703125000000           2.1351936660552706     
  0.201368523761630058288574218750000000          0.40274626396472790     
  0.202346040867269039154052734375000000         -0.56300824558235274     
  0.203323557972908020019531250000000000          0.89677546302012867     
  0.204301075078547000885009765625000000          -2.7352103213920409     
  0.205278592184185981750488281250000000           1.6308576778089232     
  0.206256109289824962615966796875000000          0.97010121991056508     
  0.207233626395463943481445312500000000         -0.91308250406908520     
  0.208211143501102924346923828125000000           1.1742596840330042     
  0.209188660606741905212402343750000000          -2.6362590931335852     
  0.210166177712380886077880859375000000           1.0175502539205994     
  0.211143694818019866943359375000000000           1.5199016372206959     
  0.212121211923658847808837890625000000          -1.1712334987212343     
  0.213098729029297828674316406250000000           1.3123607321073534     
  0.214076246134936809539794921875000000          -2.3788434498485174     
  0.215053763240575790405273437500000000          0.33584944352944213     
  0.216031280346214771270751953125000000           2.0080202654155159     
  0.217008797451853752136230468750000000          -1.3092894021926793     
  0.217986314557492733001708984375000000           1.3058277963542697     
  0.218963831663131713867187500000000000          -1.9872489876235160     
  0.219941348768770694732666015625000000         -0.36848822235953427     
  0.220918865874409675598144531250000000           2.3940487208520480     
  0.221896382980048656463623046875000000          -1.3091440111017381     
  0.222873900085687637329101562500000000           1.1616875192378744     
  0.223851417191326618194580078125000000          -1.4953164123234739     
  0.224828934296965599060058593750000000          -1.0479907534956321     
  0.225806451402604579925537109375000000           2.6445357000679115     
  0.226783968508243560791015625000000000          -1.1643351631862908     
  0.227761485613882541656494140625000000          0.89855712015083100     
  0.228739002719521522521972656250000000         -0.94370248403697798     
  0.229716519825160503387451171875000000          -1.6570681699195708     
  0.230694036930799484252929687500000000           2.7356961918882163     
  0.231671554036438465118408203125000000         -0.88068615608023071     
  0.232649071142077445983886718750000000          0.54502488703820418     
  0.233626588247716426849365234375000000         -0.37662318505171150     
  0.234604105353355407714843750000000000          -2.1554624721572577     
  0.235581622458994388580322265625000000           2.6553757251644732     
  0.236559139564633369445800781250000000         -0.47595673453575454     
  0.237536656670272350311279296875000000          0.13722931325879734     
  0.238514173775911331176757812500000000          0.16166197359791631     
  0.239491690881550312042236328125000000          -2.5112798275677979     
  0.240469207987189292907714843750000000           2.4041123339186470     
  0.241446725092828273773193359375000000           2.1470924502483588E-002
  0.242424242198467254638671875000000000         -0.28416808457460990     
  0.243401759304106235504150390625000000          0.63034553050070374     
  0.244379276409745216369628906250000000          -2.7033677175998108     
  0.245356793515384197235107421875000000           1.9952100726483608     
  0.246334310621023178100585937500000000          0.57476890872863406     
  0.247311827726662158966064453125000000         -0.67737300055372396     
  0.248289344832301139831542968750000000          0.99527062527797683     
  0.249266861937940120697021484375000000          -2.7228515703006790     
  0.250244379043579101562500000000000000           1.4538159374007122     
  0.251221896149218082427978515625000000           1.1415318145160933     
  0.252199413254857063293457031250000000          -1.0029394812894854     
  0.253176930360496044158935546875000000           1.2315796288093501     
  0.254154447466135025024414062500000000          -2.5737118295814345     
  0.255131964571774005889892578125000000          0.81507076302851444     
  0.256109481677412986755371093750000000           1.6771101303416116     
  0.257086998783051967620849609375000000          -1.2270626012954984     
  0.258064515888690948486328125000000000           1.3256040149288182     
  0.259042032994329929351806640625000000          -2.2723582243745715     
  0.260019550099968910217285156250000000          0.12147783810070958     
  0.260997067205607891082763671875000000           2.1381450116850989     
  0.261974584311246871948242187500000000          -1.3244182874645183     
  0.262952101416885852813720703125000000           1.2758472297624281     
  0.263929618522524833679199218750000000          -1.8462371907823565     
  0.264907135628163814544677734375000000         -0.58030519088879839     
  0.265884652733802795410156250000000000           2.4860242625371414     
  0.266862169839441776275634765625000000          -1.2803219285739194     
  0.267839686945080757141113281250000000           1.0929846316029157     
  0.268817204050719738006591796875000000          -1.3315846955549240     
  0.269794721156358718872070312500000000          -1.2429999640539768     
  0.270772238261997699737548828125000000           2.6899851175347047     
  0.271749755367636680603027343750000000          -1.0920315982171636     
  0.272727272473275661468505859375000000          0.79888287172691952     
  0.273704789578914642333984375000000000         -0.77050406713314179     
  0.274682306684553623199462890625000000          -1.8222897013790935     
  0.275659823790192604064941406250000000           2.7296169645767132     
  0.276637340895831584930419921875000000         -0.76908978324838517     
  0.277614858001470565795898437500000000          0.42471914896906554     
  0.278592375107109546661376953125000000         -0.20760152785161298     
  0.279569892212748527526855468750000000          -2.2801693983507176     
  0.280547409318387508392333984375000000           2.5965642854187569     
  0.281524926424026489257812500000000000         -0.33267404277142909     
  0.282502443529665470123291015625000000           8.3524018689347061E-003
  0.283479960635304450988769531250000000          0.31355326327909566     
  0.284457477740943431854248046875000000          -2.5878015277368482     
  0.285434994846582412719726562500000000           2.2952930921633037     
  0.286412511952221393585205078125000000          0.18599404976631384     
  0.287390029057860374450683593750000000         -0.40884198344395950     
  0.288367546163499355316162109375000000          0.75386093936017717     
  0.289345063269138336181640625000000000          -2.7276539438717209     
  0.290322580374777317047119140625000000           1.8428580133110983     
  0.291300097480416297912597656250000000          0.74805727223998197     
  0.292277614586055278778076171875000000         -0.78541969702099679     
  0.293255131691694259643554687500000000           1.0817485610141544     
  0.294232648797333240509033203125000000          -2.6947534232449120     
  0.295210165902972221374511718750000000           1.2676860836210522     
  0.296187683008611202239990234375000000           1.3100587919450866     
  0.297165200114250183105468750000000000          -1.0833205600241556     
  0.298142717219889163970947265625000000           1.2756066963448558     
  0.299120234325528144836425781250000000          -2.4969581619514387     
  0.300097751431167125701904296875000000          0.60747096765812236     
  0.301075268536806106567382812500000000           1.8273660255823172     
  0.302052785642445087432861328125000000          -1.2710499703990066     
  0.303030302748084068298339843750000000           1.3254155161592855     
  0.304007819853723049163818359375000000          -2.1542300495538265     
  0.304985336959362030029296875000000000          -9.3658356012789837E-002
  0.305962854065001010894775390625000000           2.2577112571273128     
  0.306940371170639991760253906250000000          -1.3263332018396381     
  0.307917888276278972625732421875000000           1.2334327011671076     
  0.308895405381917953491210937500000000          -1.6969665105001484     
  0.309872922487556934356689453125000000         -0.78847307407887579     
  0.310850439593195915222167968750000000           2.5645682222205859     
  0.311827956698834896087646484375000000          -1.2380289500723132     
  0.312805473804473876953125000000000000           1.0138907361447467     
  0.313782990910112857818603515625000000          -1.1635258929856629     
  0.314760508015751838684082031250000000          -1.4302229484327011     
  0.315738025121390819549560546875000000           2.7200964071448848     
  0.316715542227029800415039062500000000          -1.0071474528002042     
  0.317693059332668781280517578125000000          0.69173005919993913     
  0.318670576438307762145996093750000000         -0.59714391569053460     
  0.319648093543946743011474609375000000          -1.9761772174968808     
  0.320625610649585723876953125000000000           2.7074186316562314     
  0.321603127755224704742431640625000000         -0.64688976575070700     
  0.322580644860863685607910156250000000          0.30047127945026714     
  0.323558161966502666473388671875000000          -4.2486525673464288E-002
  0.324535679072141647338867187500000000          -2.3908505151618402     
  0.325513196177780628204345703125000000           2.5220499150692208     
  0.326490713283419609069824218750000000         -0.18170270167714531     
  0.327468230389058589935302734375000000         -0.12060181790438892     
  0.328445747494697570800781250000000000          0.45788710913352498     
  0.329423264600336551666259765625000000          -2.6486612363172082     
  0.330400781705975532531738281250000000           2.1723625152009589     
  0.331378298811614513397216796875000000          0.35457765343465375     
  0.332355815917253494262695312500000000         -0.52972193104837051     
  0.333333333022892475128173828125000000          0.86687109240432136     
  0.334310850128531455993652343750000000          -2.7358146446103526     
  0.335288367234170436859130859375000000           1.6790480839743698     
  0.336265884339809417724609375000000000          0.92134826688452431     
  0.337243401445448398590087890625000000         -0.88611721633299134     
  0.338220918551087379455566406250000000           1.1557039711922785     
  0.339198435656726360321044921875000000          -2.6512642935614452     
  0.340175952762365341186523437500000000           1.0736170781889030     
  0.341153469868004322052001953125000000           1.4744205942640494     
  0.342130986973643302917480468750000000          -1.1534103764409105     
  0.343108504079282283782958984375000000           1.3061763434289431     
  0.344086021184921264648437500000000000          -2.4066781614697037     
  0.345063538290560245513916015625000000          0.39605162580110592     
  0.346041055396199226379394531250000000           1.9695096040708424     
  0.347018572501838207244873046875000000          -1.3026650137653601     
  0.347996089607477188110351562500000000           1.3119812986584005     
  0.348973606713116168975830078125000000          -2.0254145135801043     
  0.349951123818755149841308593750000000         -0.30820504893029133     
  0.350928640924394130706787109375000000           2.3657540182082024     
  0.351906158030033111572265625000000000          -1.3148344568657415     
  0.352883675135672092437744140625000000           1.1791024679445825     
  0.353861192241311073303222656250000000          -1.5405906740719837     
  0.354838709346950054168701171875000000         -0.99168709467003124     
  0.355816226452589035034179687500000000           2.6289884497849578     
  0.356793743558228015899658203125000000          -1.1824157996666407     
  0.357771260663866996765136718750000000          0.92521114427200157     
  0.358748777769505977630615234375000000         -0.99239942403662373     
  0.359726294875144958496093750000000000          -1.6085030213873659     
  0.360703811980783939361572265625000000           2.7345073276253062     
  0.361681329086422920227050781250000000         -0.91017512849280013     
  0.362658846192061901092529296875000000          0.57812283872117165     
  0.363636363297700881958007812500000000         -0.42488697515086071     
  0.364613880403339862823486328125000000          -2.1178092996745210     
  0.365591397508978843688964843750000000           2.6691003438770853     
  0.366568914614617824554443359375000000         -0.51488383243133407     
  0.367546431720256805419921875000000000          0.17343849681701029     
  0.368523948825895786285400390625000000          0.11755128635308076     
  0.369501465931534767150878906250000000          -2.4868884183323452     
  0.370478983037173748016357421875000000           2.4321964963075775     
  0.371456500142812728881835937500000000          -2.4084630801698571E-002
  0.372434017248451709747314453125000000         -0.24843952793519952     
  0.373411534354090690612792968750000000          0.59367917553145044     
  0.374389051459729671478271484375000000          -2.6935905186305971     
  0.375366568565368652343750000000000000           2.0360240823192290     
  0.376344085671007633209228515625000000          0.52601674246966246     
  0.377321602776646614074707031250000000         -0.64567690881686690     
  0.378299119882285594940185546875000000          0.96865423738894307     
  0.379276636987924575805664062500000000          -2.7279480324025993     
  0.380254154093563556671142578125000000           1.5047716718885464     
  0.381231671199202537536621093750000000           1.0933685215196787     
  0.382209188304841518402099609375000000         -0.97849169930468172     
  0.383186705410480499267578125000000000           1.2167326417449646     
  0.384164222516119480133056640625000000          -2.5928381113225494     
  0.385141739621758460998535156250000000          0.87281398965590995     
  0.386119256727397441864013671875000000           1.6333762537034706     
  0.387096773833036422729492187500000000          -1.2124739754019629     
  0.388074290938675403594970703125000000           1.3232311074530794     
  0.389051808044314384460449218750000000          -2.3036428677560874     
  0.390029325149953365325927734375000000          0.18214052172754533     
  0.391006842255592346191406250000000000           2.1024311810642735     
  0.391984359361231327056884765625000000          -1.3214742375442170     
  0.392961876466870307922363281250000000           1.2855918630743035     
  0.393939393572509288787841796875000000          -1.8869365931097446     
  0.394916910678148269653320312500000000         -0.52081232329019755     
  0.395894427783787250518798828125000000           2.4613840206309896     
  0.396871944889426231384277343750000000          -1.2898283439131537     
  0.397849461995065212249755859375000000           1.1134681748626838     
  0.398826979100704193115234375000000000          -1.3783059080299134     
  0.399804496206343173980712890625000000          -1.1886775196612949     
  0.400782013311982154846191406250000000           2.6786883663751664     
  0.401759530417621135711669921875000000          -1.1137395268813119     
  0.402737047523260116577148437500000000          0.82782599688186076     
  0.403714564628899097442626953125000000         -0.81947714831162766     
  0.404692081734538078308105468750000000          -1.7767466671717937     
  0.405669598840177059173583984375000000           2.7329636708526608     
  0.406647115945816040039062500000000000         -0.80170511420239066     
  0.407624633051455020904541015625000000          0.45913562796402824     
  0.408602150157094001770019531250000000         -0.25497978909334013     
  0.409579667262732982635498046875000000          -2.2463508752552990     
  0.410557184368371963500976562500000000           2.6147733430962643     
  0.411534701474010944366455078125000000         -0.37395161339094546     
  0.412512218579649925231933593750000000           4.4799678445533911E-002
  0.413489735685288906097412109375000000          0.27138895512483446     
  0.414467252790927886962890625000000000          -2.5677684661238764     
  0.415444769896566867828369140625000000           2.3274753158366672     
  0.416422287002205848693847656250000000          0.13907921373873841     
  0.417399804107844829559326171875000000         -0.37397559159998967     
  0.418377321213483810424804687500000000          0.72001791810125626     
  0.419354838319122791290283203125000000          -2.7224320824703643     
  0.420332355424761772155761718750000000           1.8870755961044183     
  0.421309872530400753021240234375000000          0.69907502789135778     
  0.422287389636039733886718750000000000         -0.75561422360007102     
  0.423264906741678714752197265625000000           1.0585806614045885     
  0.424242423847317695617675781250000000          -2.7042631639246464     
  0.425219940952956676483154296875000000           1.3210940249491898     
  0.426197458058595657348632812500000000           1.2628437924352407     
  0.427174975164234638214111328125000000          -1.0616341801850173     
  0.428152492269873619079589843750000000           1.2645341711118618     
  0.429130009375512599945068359375000000          -2.5200307177515513     
  0.430107526481151580810546875000000000          0.66652949967845221     
  0.431085043586790561676025390625000000           1.7857146261204930     
  0.432062560692429542541503906250000000          -1.2598626526733374     
  0.433040077798068523406982421875000000           1.3268207190948749     
  0.434017594903707504272460937500000000          -2.1887083894788337     
  0.434995112009346485137939453125000000          -3.2916925766774845E-002
  0.435972629114985466003417968750000000           2.2250794288397047     
  0.436950146220624446868896484375000000          -1.3271448255547149     
  0.437927663326263427734375000000000000           1.2466396429331310     
  0.438905180431902408599853515625000000          -1.7398829317236768     
  0.439882697537541389465332031250000000         -0.73014398799811553     
  0.440860214643180370330810546875000000           2.5437944495691958     
  0.441837731748819351196289062500000000          -1.2513281593305230     
  0.442815248854458332061767578125000000           1.0372299372170468     
  0.443792765960097312927246093750000000          -1.2113420093252485     
  0.444770283065736293792724609375000000          -1.3782186272160790     
  0.445747800171375274658203125000000000           2.7131716034192253     
  0.446725317277014255523681640625000000          -1.0323618899002804     
  0.447702834382653236389160156250000000          0.72268333311980015     
  0.448680351488292217254638671875000000         -0.64603393894370975     
  0.449657868593931198120117187500000000          -1.9339312171621736     
  0.450635385699570178985595703125000000           2.7153214174105904     
  0.451612902805209159851074218750000000         -0.68242184997324951     
  0.452590419910848140716552734375000000          0.33588471833935080     
  0.453567937016487121582031250000000000          -8.8641322434235101E-002
  0.454545454122126102447509765625000000          -2.3610590053568052     
  0.455522971227765083312988281250000000           2.5446604580290768     
  0.456500488333404064178466796875000000         -0.22504830767060410     
  0.457478005439043045043945312500000000          -8.4253809887115352E-002
  0.458455522544682025909423828125000000          0.41795930987166785     
  0.459433039650321006774902343750000000          -2.6330822262320215     
  0.460410556755959987640380859375000000           2.2084619344756704     
  0.461388073861598968505859375000000000          0.30663686912731769     
  0.462365590967237949371337890625000000         -0.49604277132044000     
  0.463343108072876930236816406250000000          0.83607115955014433     
  0.464320625178515911102294921875000000          -2.7351406179701492     
  0.465298142284154891967773437500000000           1.7264036670171479     
  0.466275659389793872833251953125000000          0.87249401786802860     
  0.467253176495432853698730468750000000         -0.85848803243212990     
  0.468230693601071834564208984375000000           1.1361171242071788     
  0.469208210706710815429687500000000000          -2.6650781125986192     
  0.470185727812349796295166015625000000           1.1291467808394327     
  0.471163244917988777160644531250000000           1.4285083998188830     
  0.472140762023627758026123046875000000          -1.1347077340544138     
  0.473118279129266738891601562500000000           1.2989139140721568     
  0.474095796234905719757080078125000000          -2.4334955211038527     
  0.475073313340544700622558593750000000          0.45605506089111114     
  0.476050830446183681488037109375000000           1.9302634225275659     
  0.477028347551822662353515625000000000          -1.2950191499312678     
  0.478005864657461643218994140625000000           1.3171014080669610     
  0.478983381763100624084472656250000000          -2.0628093924598505     
  0.479960898868739604949951171875000000         -0.24776718418208918     
  0.480938415974378585815429687500000000           2.3364692858509701     
  0.481915933080017566680908203125000000          -1.3194474621940875     
  0.482893450185656547546386718750000000           1.1956157338132054     
  0.483870967291295528411865234375000000          -1.5853936800552197     
  0.484848484396934509277343750000000000         -0.93488703150938346     
  0.485826001502573490142822265625000000           2.6122671068095031     
  0.486803518608212471008300781250000000          -1.1994544243053993     
  0.487781035713851451873779296875000000          0.95117076002781509     
  0.488758552819490432739257812500000000          -1.0409531867883641     
  0.489736069925129413604736328125000000          -1.5591373515111961     
  0.490713587030768394470214843750000000           2.7320459158869275     
  0.491691104136407375335693359375000000         -0.93874694864113239     
  0.492668621242046356201171875000000000          0.61079164999959445     
  0.493646138347685337066650390625000000         -0.47333825267377361     
  0.494623655453324317932128906250000000          -2.0791120092959394     
  0.495601172558963298797607421875000000           2.6815480909420879     
  0.496578689664602279663085937500000000         -0.55309887875546526     
  0.497556206770241260528564453125000000          0.20951957337063146     
  0.498533723875880241394042968750000000           7.2945992304551399E-002
  0.499511240981519222259521484375000000          -2.4612879993535519     
  0.500488758087158203125000000000000000           2.4590947865958821     
  0.501466275192797183990478515625000000          -6.9197773815743033E-002
  0.502443792298436164855957031250000000         -0.21252737822209555     
  0.503421309404075145721435546875000000          0.55625873111962509     
  0.504398826509714126586914062500000000          -2.6825301474050045     
  0.505376343615353107452392578125000000           2.0758322954066819     
  0.506353860720992088317871093750000000          0.47739379182315578     
  0.507331377826631069183349609375000000         -0.61350081198113338     
  0.508308894932270050048828125000000000          0.94109206043376448     
  0.509286412037909030914306640625000000          -2.7317828214901860     
  0.510263929143548011779785156250000000           1.5549775488165749     
  0.511241446249186992645263671875000000           1.0450022941312280     
  0.512218963354825973510742187500000000         -0.95330751613110676     
  0.513196480460464954376220703125000000           1.2008305611130556     
  0.514173997566103935241699218750000000          -2.6108173490237441     
  0.515151514671742916107177734375000000          0.93012001053721161     
  0.516129031777381896972656250000000000           1.5891146198489694     
  0.517106548883020877838134765625000000          -1.1969540839546751     
  0.518084065988659858703613281250000000           1.3197841279974072     
  0.519061583094298839569091796875000000          -2.3339784466037776     
  0.520039100199937820434570312500000000          0.24271177105297254     
  0.521016617305576801300048828125000000           2.0658979716927206     
  0.521994134411215782165527343750000000          -1.3174821633722049     
  0.522971651516854763031005859375000000           1.2943344076752772     
  0.523949168622493743896484375000000000          -1.9269520237699420     
  0.524926685728132724761962890625000000         -0.46105818752317679     
  0.525904202833771705627441406250000000           2.4356893933547559     
  0.526881719939410686492919921875000000          -1.2982583774342973     
  0.527859237045049667358398437500000000           1.1331058814998241     
  0.528836754150688648223876953125000000          -1.4246539582165310     
  0.529814271256327629089355468750000000          -1.1337609054625102     
  0.530791788361966609954833984375000000           2.6661779288729210     
  0.531769305467605590820312500000000000          -1.1344342972120895     
  0.532746822573244571685791015625000000          0.85615033535639706     
  0.533724339678883552551269531250000000         -0.86840874078029873     
  0.534701856784522533416748046875000000          -1.7303215423143146     
  0.535679373890161514282226562500000000           2.7350263403689583     
  0.536656890995800495147705078125000000         -0.83345788501792639     
  0.537634408101439476013183593750000000          0.49321200875706511     
  0.538611925207078456878662109375000000         -0.30264276646983795     
  0.539589442312717437744140625000000000          -2.2114289770760900     
  0.540566959418356418609619140625000000           2.6317233007351319     
  0.541544476523995399475097656250000000         -0.41459332164930535     
  0.542521993629634380340576171875000000           8.1213878470456885E-002
  0.543499510735273361206054687500000000          0.22864491949086715     
  0.544477027840912342071533203125000000          -2.5464938188540112     
  0.545454544946551322937011718750000000           2.3585175740054143     
  0.546432062052190303802490234375000000           9.2514905819328128E-002
  0.547409579157829284667968750000000000         -0.33883250079694732     
  0.548387096263468265533447265625000000          0.68535443102920413     
  0.549364613369107246398925781250000000          -2.7159234366374001     
  0.550342130474746227264404296875000000           1.9303580991949811     
  0.551319647580385208129882812500000000          0.65012161744748176     
  0.552297164686024188995361328125000000         -0.72524532214541138     
  0.553274681791663169860839843750000000           1.0344244410164454     
  0.554252198897302150726318359375000000          -2.7125366039215355     
  0.555229716002941131591796875000000000           1.3738423697390976     
  0.556207233108580112457275390625000000           1.2153249031034257     
  0.557184750214219093322753906250000000          -1.0391446404182727     
  0.558162267319858074188232421875000000           1.2523910284939663     
  0.559139784425497055053710937500000000          -2.5420083490690768     
  0.560117301531136035919189453125000000          0.72525383432053414     
  0.561094818636775016784667968750000000           1.7434419628305122     
  0.562072335742413997650146484375000000          -1.2476996180673496     
  0.563049852848052978515625000000000000           1.3271643135833269     
  0.564027369953691959381103515625000000          -2.2223122182243551     
  0.565004887059330940246582031250000000           2.7841030232904258E-002
  0.565982404164969921112060546875000000           2.1915496487736896     
  0.566959921270608901977539062500000000          -1.3268901318328878     
  0.567937438376247882843017578125000000           1.2588836698874108     
  0.568914955481886863708496093750000000          -1.7822063244969708     
  0.569892472587525844573974609375000000         -0.67144890577398997     
  0.570869989693164825439453125000000000           2.5219090041750913     
  0.571847506798803806304931640625000000          -1.2635605981211682     
  0.572825023904442787170410156250000000           1.0597857595230444     
  0.573802541010081768035888671875000000          -1.2588850039191797     
  0.574780058115720748901367187500000000          -1.3255265707324937     
  0.575757575221359729766845703125000000           2.7050018248829053     
  0.576735092326998710632324218750000000          -1.0566001822337932     
  0.577712609432637691497802734375000000          0.75309826442181260     
  0.578690126538276672363281250000000000         -0.69498365011349594     
  0.579667643643915653228759765625000000          -1.8907277789191903     
  0.580645160749554634094238281250000000           2.7219375741216432     
  0.581622677855193614959716796875000000         -0.71715307346316948     
  0.582600194960832595825195312500000000          0.37104974717779565     
  0.583577712066471576690673828125000000         -0.13517514996716917     
  0.584555229172110557556152343750000000          -2.3301126201022844     
  0.585532746277749538421630859375000000           2.5660384679642609     
  0.586510263383388519287109375000000000         -0.26783971715871352     
  0.587487780489027500152587890625000000          -4.7843590794183037E-002
  0.588465297594666481018066406250000000          0.37737173165117716     
  0.589442814700305461883544921875000000          -2.6162377392599083     
  0.590420331805944442749023437500000000           2.2434753016489428     
  0.591397848911583423614501953125000000          0.25895133223608557     
  0.592375366017222404479980468750000000         -0.46199595898389606     
  0.593352883122861385345458984375000000          0.80439119147905980     
  0.594330400228500366210937500000000000          -2.7331851286699287     
  0.595307917334139347076416015625000000           1.7729014791260742     
  0.596285434439778327941894531250000000          0.82356718987184596     
  0.597262951545417308807373046875000000         -0.83021638649424589     
  0.598240468651056289672851562500000000           1.1155074152002464     
  0.599217985756695270538330078125000000          -2.6776894898222361     
  0.600195502862334251403808593750000000           1.1841118087974951     
  0.601173019967973232269287109375000000           1.3821927922417867     
  0.602150537073612213134765625000000000          -1.1151414463004354     
  0.603128054179251194000244140625000000           1.2905738705448884     
  0.604105571284890174865722656250000000          -2.4592774552051813     
  0.605083088390529155731201171875000000          0.51582967155995552     
  0.606060605496168136596679687500000000           1.8903062685987528     
  0.607038122601807117462158203125000000          -1.2863607716390648     
  0.608015639707446098327636718750000000           1.3211807481097266     
  0.608993156813085079193115234375000000          -2.0994100150134583     
  0.609970673918724060058593750000000000         -0.18720495059821518     
  0.610948191024363040924072265625000000           2.3062139073865437     
  0.611925708130002021789550781250000000          -1.3229842756805170     
  0.612903225235641002655029296875000000           1.2112128084798492     
  0.613880742341279983520507812500000000          -1.6296981876229291     
  0.614858259446918964385986328125000000         -0.87761883359693993     
  0.615835776552557945251464843750000000           2.5943843121508068     
  0.616813293658196926116943359375000000          -1.2154443956902214     
  0.617790810763835906982421875000000000          0.97641557176094895     
  0.618768327869474887847900390625000000          -1.0893350719771095     
  0.619745844975113868713378906250000000          -1.5089952397270392     
  0.620723362080752849578857421875000000           2.7283167979551446     
  0.621700879186391830444335937500000000         -0.96638754402359528     
  0.622678396292030811309814453125000000          0.64300675546904862     
  0.623655913397669792175292968750000000         -0.52194913597047343     
  0.624633430503308773040771484375000000          -2.0393886813578814     
  0.625610947608947753906250000000000000           2.6927155569627170     
  0.626588464714586734771728515625000000         -0.59058143036023902     
  0.627565981820225715637207031250000000          0.24544586006562644     
  0.628543498925864696502685546875000000           2.7870958031280063E-002
  0.629521016031503677368164062500000000          -2.4344893126550651     
  0.630498533137142658233642578125000000           2.4847957370304581     
  0.631476050242781639099121093750000000         -0.11384326972880957     
  0.632453567348420619964599609375000000         -0.17645821351203117     
  0.633431084454059600830078125000000000          0.51810410617234570     
  0.634408601559698581695556640625000000          -2.6701892424740281     
  0.635386118665337562561035156250000000           2.1146160077018452     
  0.636363635770976543426513671875000000          0.42892811011058746     
  0.637341152876615524291992187500000000         -0.58086896952670763     
  0.638318669982254505157470703125000000          0.91259751031359970     
  0.639296187087893486022949218750000000          -2.7343503404842036     
  0.640273704193532466888427734375000000           1.6044090155662860     
  0.641251221299171447753906250000000000          0.99646179277278346     
  0.642228738404810428619384765625000000         -0.92740684490920977     
  0.643206255510449409484863281250000000           1.1838793026258589     
  0.644183772616088390350341796875000000          -2.6276362197645673     
  0.645161289721727371215820312500000000          0.98696027066238801     
  0.646138806827366352081298828125000000           1.5443522217314671     
  0.647116323933005332946777343750000000          -1.1805168149559766     
  0.648093841038644313812255859375000000           1.3152610917919947     
  0.649071358144283294677734375000000000          -2.3633450221522212     
  0.650048875249922275543212890625000000          0.30316118829105726     
  0.651026392355561256408691406250000000           2.0285685517328740     
  0.652003909461200237274169921875000000          -1.3124487330717669     
  0.652981426566839218139648437500000000           1.3020652152817618     
  0.653958943672478199005126953125000000          -1.9662585492691016     
  0.654936460778117179870605468750000000         -0.40107272010325490     
  0.655913977883756160736083984375000000           2.4089578554118889     
  0.656891494989395141601562500000000000          -1.3056108633007397     
  0.657869012095034122467041015625000000           1.1518812935699190     
  0.658846529200673103332519531250000000          -1.4706009207805375     
  0.659824046306312084197998046875000000          -1.0782773288117760     
  0.660801563411951065063476562500000000           2.6524641550677424     
  0.661779080517590045928955078125000000          -1.1541069263875077     
  0.662756597623229026794433593750000000          0.88383402080540829     
  0.663734114728868007659912109375000000         -0.91727015268636181     
  0.664711631834506988525390625000000000          -1.6830367509912900     
  0.665689148940145969390869140625000000           2.7358073191587851     
  0.666666666045784950256347656250000000         -0.86433194407518665     
  0.667644183151423931121826171875000000          0.52692285223602708     
  0.668621700257062911987304687500000000         -0.35056327268425536     
  0.669599217362701892852783203125000000          -2.1754196655202520     
  0.670576734468340873718261718750000000           2.6474082437787407     
  0.671554251573979854583740234375000000         -0.45457707640714839     
  0.672531768679618835449218750000000000          0.11756811248352471     
  0.673509285785257816314697265625000000          0.18534470230072667     
  0.674486802890896797180175781250000000          -2.5239859117450996     
  0.675464319996535778045654296875000000           2.3884060794518089     
  0.676441837102174758911132812500000000           4.6327442751242967E-002
  0.677419354207813739776611328125000000         -0.30343881203766998     
  0.678396871313452720642089843750000000          0.64988854919957273     
  0.679374388419091701507568359375000000          -2.7081281199957110     
  0.680351905524730682373046875000000000           1.9726848659979588     
  0.681329422630369663238525390625000000          0.60122551985802397     
  0.682306939736008644104003906250000000         -0.69433612966638214     
  0.683284456841647624969482421875000000           1.0092911105877229     
  0.684261973947286605834960937500000000          -2.7195657094921191     
  0.685239491052925586700439453125000000           1.4259051329320618     
  0.686217008158564567565917968750000000           1.1675305153831057     
  0.687194525264203548431396484375000000          -1.0158701760965274     
  0.688172042369842529296875000000000000           1.2391807904234198     
  0.689149559475481510162353515625000000          -2.5628755741451665     
  0.690127076581120491027832031250000000          0.78361461628936702     
  0.691104593686759471893310546875000000           1.7005740818090729     
  0.692082110792398452758789062500000000          -1.2345726562687256     
  0.693059627898037433624267578125000000           1.3264419257165341     
  0.694037145003676414489746093750000000          -2.2550198831910833     
  0.695014662109315395355224609375000000           8.8585008790967978E-002
  0.695992179214954376220703125000000000           2.1571435309401297     
  0.696969696320593357086181640625000000          -1.3255734386170275     
  0.697947213426232337951660156250000000           1.2701529416784751     
  0.698924730531871318817138671875000000          -1.8239106181152340     
  0.699902247637510299682617187500000000         -0.61241716619329611     
  0.700879764743149280548095703125000000           2.4989273181864409     
  0.701857281848788261413574218750000000          -1.2747226877516786     
  0.702834798954427242279052734375000000           1.0815399264012824     
  0.703812316060066223144531250000000000          -1.3061264765516338     
  0.704789833165705204010009765625000000          -1.2721727323180934     
  0.705767350271344184875488281250000000           2.6955950484847504     
  0.706744867376983165740966796875000000          -1.0798510660878708     
  0.707722384482622146606445312500000000          0.78295168749918376     
  0.708699901588261127471923828125000000         -0.74396457788205939     
  0.709677418693900108337402343750000000          -1.8465875149012199     
  0.710654935799539089202880859375000000           2.7272669286039162     
  0.711632452905178070068359375000000000         -0.75106532026536432     
  0.712609970010817050933837890625000000          0.40594025135239770     
  0.713587487116456031799316406250000000         -0.18206171486213843     
  0.714565004222095012664794921875000000          -2.2980250929159496     
  0.715542521327733993530273437500000000           2.5861755613716482     
  0.716520038433372974395751953125000000         -0.31005335105098730     
  0.717497555539011955261230468750000000          -1.1398047616874967E-002
  0.718475072644650936126708984375000000          0.33614642853294957     
  0.719452589750289916992187500000000000          -2.5981336312093002     
  0.720430106855928897857666015625000000           2.2773866037133934     
  0.721407623961567878723144531250000000          0.21154824875943895     
  0.722385141067206859588623046875000000         -0.42760691480083618     
  0.723362658172845840454101562500000000          0.77184729202831681     
  0.724340175278484821319580078125000000          -2.7299457714686244     
  0.725317692384123802185058593750000000           1.8185190552154307     
  0.726295209489762783050537109375000000          0.77459647739564497     
  0.727272726595401763916015625000000000         -0.80132411210590970     
  0.728250243701040744781494140625000000           1.0938837723905461     
  0.729227760806679725646972656250000000          -2.6890880201389220     
  0.730205277912318706512451171875000000           1.2384849274101772     
  0.731182795017957687377929687500000000           1.3355016831411406     
  0.732160312123596668243408203125000000          -1.0947279265864258     
  0.733137829229235649108886718750000000           1.2811573216767147     
  0.734115346334874629974365234375000000          -2.4840064424462227     
  0.735092863440513610839843750000000000          0.57534550973477028     
  0.736070380546152591705322265625000000           1.8496630466605022     
  0.737047897651791572570800781250000000          -1.2766994744352491     
  0.738025414757430553436279296875000000           1.3242125958491326     
  0.739002931863069534301757812500000000          -2.1351931784834277     
  0.739980448968708515167236328125000000         -0.12654874087467369     
  0.740957966074347496032714843750000000           2.2750077792747376     
  0.741935483179986476898193359375000000          -1.3254468253994578     
  0.742913000285625457763671875000000000           1.2258797557320738     
  0.743890517391264438629150390625000000          -1.6734771838956111     
  0.744868034496903419494628906250000000         -0.81991103460449133     
  0.745845551602542400360107421875000000           2.5753533364903820     
  0.746823068708181381225585937500000000          -1.2303797420230085     
  0.747800585813820362091064453125000000           1.0009256285999200     
  0.748778102919459342956542968750000000          -1.1375164153968940     
  0.749755620025098323822021484375000000          -1.4581012027391171     
  0.750733137130737304687500000000000000           2.7233255127858782     
  0.751710654236376285552978515625000000         -0.99308344779280777     
  0.752688171342015266418457031250000000          0.67474387142741377     
  0.753665688447654247283935546875000000         -0.57069158426968847     
  0.754643205553293228149414062500000000          -1.9986579723922262     
  0.755620722658932209014892578125000000           2.7026000439044471     
  0.756598239764571189880371093750000000         -0.62731153666352302     
  0.757575756870210170745849609375000000          0.28119077005657250     
  0.758553273975849151611328125000000000          -1.7648609437682091E-002
  0.759530791081488132476806640625000000          -2.4065037702823076     
  0.760508308187127113342285156250000000           2.5092885493862149     
  0.761485825292766094207763671875000000         -0.15799622296170013     
  0.762463342398405075073242187500000000         -0.14025870927085243     
  0.763440859504044055938720703125000000          0.47923570313156255     
  0.764418376609683036804199218750000000          -2.6565711538517927     
  0.765395893715322017669677734375000000           2.1523570903427989     
  0.766373410820960998535156250000000000          0.38064759290372652     
  0.767350927926599979400634765625000000         -0.54780592390579597     
  0.768328445032238960266113281250000000          0.88318460922719422     
  0.769305962137877941131591796875000000          -2.7356456896802461     
  0.770283479243516921997070312500000000           1.6530419556501807     
  0.771260996349155902862548828125000000          0.94777571539164085     
  0.772238513454794883728027343750000000         -0.90081004462224390     
  0.773216030560433864593505859375000000           1.1658854518771495     
  0.774193547666072845458984375000000000          -2.6432820296224100     
  0.775171064771711826324462890625000000           1.0433064777729781     
  0.776148581877350807189941406250000000           1.4991162834234348     
  0.777126098982989788055419921875000000          -1.1631766293188248     
  0.778103616088628768920898437500000000           1.3096606934186201     
  0.779081133194267749786376953125000000          -2.3917231674939647     
  0.780058650299906730651855468750000000          0.36345844443660458     
  0.781036167405545711517333984375000000           1.9904664970124295     
  0.782013684511184692382812500000000000          -1.3063812686988501     
  0.782991201616823673248291015625000000           1.3087752716937200     
  0.783968718722462654113769531250000000          -2.0048315914389749     
  0.784946235828101634979248046875000000         -0.34088598812732990     
  0.785923752933740615844726562500000000           2.3812074346292942     
  0.786901270039379596710205078125000000          -1.3118853180056187     
  0.787878787145018577575683593750000000           1.1697784909397131     
  0.788856304250657558441162109375000000          -1.5161190422587216     
  0.789833821356296539306640625000000000          -1.0222543167716620     
  0.790811338461935520172119140625000000           2.6375580508933867     
  0.791788855567574501037597656250000000          -1.1727490872966537     
  0.792766372673213481903076171875000000          0.91085558521088239     
  0.793743889778852462768554687500000000         -0.96603266825146417     
  0.794721406884491443634033203125000000          -1.6349152011705954     
  0.795698923990130424499511718750000000           2.7353096609941021     
  0.796676441095769405364990234375000000         -0.89431171582095714     
  0.797653958201408386230468750000000000          0.56024294615068349     
  0.798631475307047367095947265625000000         -0.39871390390882344     
  0.799608992412686347961425781250000000          -2.1383395122642854     
  0.800586509518325328826904296875000000           2.6618229621069784     
  0.801564026623964309692382812500000000         -0.49388123613671570     
  0.802541543729603290557861328125000000          0.15383552821459348     
  0.803519060835242271423339843750000000          0.14151224016859065     
  0.804496577940881252288818359375000000          -2.5002537590402452     
  0.805474095046520233154296875000000000           2.4171276910775448     
  0.806451612152159214019775390625000000           5.4285498173677917E-004
  0.807429129257798194885253906250000000         -0.26782078179101398     
  0.808406646363437175750732421875000000          0.61363887630636182     
  0.809384163469076156616210937500000000          -2.6990469592498956     
  0.810361680574715137481689453125000000           2.0140357771940760     
  0.811339197680354118347167968750000000          0.55241511505630581     
  0.812316714785993099212646484375000000         -0.66291011881872930     
  0.813294231891632080078125000000000000          0.98319251204332736     
  0.814271748997271060943603515625000000          -2.7253431290128196     
  0.815249266102910041809082031250000000           1.4772567158157961     
  0.816226783208549022674560546875000000           1.1194891181125546     
  0.817204300314188003540039062500000000         -0.99182951147582055     
  0.818181817419826984405517578125000000           1.2249076574457223     
  0.819159334525465965270996093750000000          -2.5826175093338288     
  0.820136851631104946136474609375000000          0.84158269544851771     
  0.821114368736743927001953125000000000           1.6571373165475687     
  0.822091885842382907867431640625000000          -1.2204941598177732     
  0.823069402948021888732910156250000000           1.3246498528563029     
  0.824046920053660869598388671875000000          -2.2868101995990244     
  0.825024437159299850463867187500000000          0.14928451460355130     
  0.826001954264938831329345703125000000           2.1218831452145572     
  0.826979471370577812194824218750000000          -1.3231997322032589     
  0.827956988476216793060302734375000000           1.2804362278263963     
  0.828934505581855773925781250000000000          -1.8649700435192496     
  0.829912022687494754791259765625000000         -0.55307829803713660     
  0.830889539793133735656738281250000000           2.4748654131586951     
  0.831867056898772716522216796875000000          -1.2848115295707880     
  0.832844574004411697387695312500000000           1.1024746606259850     
  0.833822091110050678253173828125000000          -1.3530381398257736     
  0.834799608215689659118652343750000000          -1.2181834382979830     
  0.835777125321328639984130859375000000           2.6849599285339982     
  0.836754642426967620849609375000000000          -1.1021039146058436     
  0.837732159532606601715087890625000000          0.81222078562703914     
  0.838709676638245582580566406250000000         -0.79294816726950434     
  0.839687193743884563446044921875000000          -1.8015315640018015     
  0.840664710849523544311523437500000000           2.7313100203261418     
  0.841642227955162525177001953125000000         -0.78414101653233215     
  0.842619745060801506042480468750000000          0.44053028657131166     
  0.843597262166440486907958984375000000         -0.22927445149111039     
  0.844574779272079467773437500000000000          -2.2648107966016777     
  0.845552296377718448638916015625000000           2.6050640471217203     
  0.846529813483357429504394531250000000         -0.35166603347213637     
  0.847507330588996410369873046875000000           2.5055910746317165E-002
  0.848484847694635391235351562500000000          0.29430589250094374     
  0.849462364800274372100830078125000000          -2.5787764596936773     
  0.850439881905913352966308593750000000           2.3101804456534514     
  0.851417399011552333831787109375000000          0.16445459357361641     
  0.852394916117191314697265625000000000         -0.39290127191127977     
  0.853372433222830295562744140625000000          0.73845613272442689     
  0.854349950328469276428222656250000000          -2.7254208506319619     
  0.855327467434108257293701171875000000           1.8632344254556648     
  0.856304984539747238159179687500000000          0.72561053550992816     
  0.857282501645386219024658203125000000         -0.77183342865841686     
  0.858260018751025199890136718750000000           1.0712557752994309     
  0.859237535856664180755615234375000000          -2.6992639603670194     
  0.860215052962303161621093750000000000           1.2922392357599621     
  0.861192570067942142486572265625000000           1.2884631408093206     
  0.862170087173581123352050781250000000          -1.0734841165769884     
  0.863147604279220104217529296875000000           1.2706660585276381     
  0.864125121384859085083007812500000000          -2.5076655244053061     
  0.865102638490498065948486328125000000          0.63457277340679252     
  0.866080155596137046813964843750000000           1.8083590027498397     
  0.867057672701776027679443359375000000          -1.2660454821348592     
  0.868035189807415008544921875000000000           1.3261908864880732     
  0.869012706913053989410400390625000000          -2.1701361005425901     
  0.869990224018692970275878906250000000          -6.5829000763139925E-002
  0.870967741124331951141357421875000000           2.2428712987780934     
  0.871945258229970932006835937500000000          -1.3268377171740442     
  0.872922775335609912872314453125000000           1.2396032204377523     
  0.873900292441248893737792968750000000          -1.7167039018441788     
  0.874877809546887874603271484375000000         -0.76179241622055449     
  0.875855326652526855468750000000000000           2.5551880719438582     
  0.876832843758165836334228515625000000          -1.2442551641343214     
  0.877810360863804817199707031250000000           1.0246814369871564     
  0.878787877969443798065185546875000000          -1.1854686058941040     
  0.879765395075082778930664062500000000          -1.4064801807923180     
  0.880742912180721759796142578125000000           2.7170782932447044     
  0.881720429286360740661621093750000000          -1.0188218062875605     
  0.882697946391999721527099609375000000          0.70597901099397120     
  0.883675463497638702392578125000000000         -0.61953741414182206     
  0.884652980603277683258056640625000000          -1.9569391048166933     
  0.885630497708916664123535156250000000           2.7111995661129704     
  0.886608014814555644989013671875000000         -0.66326975110947695     
  0.887585531920194625854492187500000000          0.31672782900250279     
  0.888563049025833606719970703125000000          -6.3587177302371997E-002
  0.889540566131472587585449218750000000          -2.3773434482141989     
  0.890518083237111568450927734375000000           2.5325631006969025     
  0.891495600342750549316406250000000000         -0.20163209165356388     
  0.892473117448389530181884765625000000         -0.10395562180470626     
  0.893450634554028511047363281250000000          0.43967440623854859     
  0.894428151659667491912841796875000000          -2.6416799416185528     
  0.895405668765306472778320312500000000           2.1890379998166227     
  0.896383185870945453643798828125000000          0.33257996165620496     
  0.897360702976584434509277343750000000         -0.51433648526883891     
  0.898338220082223415374755859375000000          0.85286797780341972     
  0.899315737187862396240234375000000000          -2.7356646701422873     
  0.900293254293501377105712890625000000           1.7008527022058486     
  0.901270771399140357971191406250000000          0.89897278050604379     
  0.902248288504779338836669921875000000         -0.87353790732408554     
  0.903225805610418319702148437500000000           1.1468562609585005     
  0.904203322716057300567626953125000000          -2.6577427215776126     
  0.905180839821696281433105468750000000           1.0991306182929914     
  0.906158356927335262298583984375000000           1.4534342439208043     
  0.907135874032974243164062500000000000          -1.1449485516238227     
  0.908113391138613224029541015625000000           1.3029823081689320     
  0.909090908244252204895019531250000000          -2.4190939793612598     
  0.910068425349891185760498046875000000          0.42357329638502100     
  0.911045942455530166625976562500000000           1.9516157768739320     
  0.912023459561169147491455078125000000          -1.2992877412751445     
  0.913000976666808128356933593750000000           1.3144562027756461     
  0.913978493772447109222412109375000000          -2.0426469421549216     
  0.914956010878086090087890625000000000         -0.28052817230672106     
  0.915933527983725070953369140625000000           2.3524567009787281     
  0.916911045089364051818847656250000000          -1.3170819400875333     
  0.917888562195003032684326171875000000           1.1867821014035105     
  0.918866079300642013549804687500000000          -1.5611807575420868     
  0.919843596406280994415283203125000000         -0.96571970062887635     
  0.920821113511919975280761718750000000           2.6214712712479185     
  0.921798630617558956146240234375000000          -1.1903531129718563     
  0.922776147723197937011718750000000000          0.93719397231739443     
  0.923753664828836917877197265625000000          -1.0146675647111758     
  0.924731181934475898742675781250000000          -1.5859802718143006     
  0.925708699040114879608154296875000000           2.7335371250629223     
  0.926686216145753860473632812500000000         -0.92338220957539308     
  0.927663733251392841339111328125000000          0.59314732078691879     
  0.928641250357031822204589843750000000         -0.44706705583777878     
  0.929618767462670803070068359375000000          -2.1002056898596915     
  0.930596284568309783935546875000000000           2.6749629525149063     
  0.931573801673948764801025390625000000         -0.53248462141265274     
  0.932551318779587745666503906250000000          0.18998932723803916     
  0.933528835885226726531982421875000000           9.7171846503254874E-002
  0.934506352990865707397460937500000000          -2.4753070587156127     
  0.935483870096504688262939453125000000           2.4446699209991056     
  0.936461387202143669128417968750000000          -4.4813128527941927E-002
  0.937438904307782649993896484375000000         -0.23200480569347751     
  0.938416421413421630859375000000000000          0.57662453804003200     
  0.939393938519060611724853515625000000          -2.6886814942557948     
  0.940371455624699592590332031250000000           2.0543912618922038     
  0.941348972730338573455810546875000000          0.50371866727080006     
  0.942326489835977554321289062500000000         -0.63099108327038544     
  0.943304006941616535186767578125000000          0.95614111194416562     
  0.944281524047255516052246093750000000          -2.7298621977946302     
  0.945259041152894496917724609375000000           1.5278719203833602     
  0.946236558258533477783203125000000000           1.0712292806698613     
  0.947214075364172458648681640625000000         -0.96704184790132253     
  0.948191592469811439514160156250000000           1.2095765067704960     
  0.949169109575450420379638671875000000          -2.6012198782706393     
  0.950146626681089401245117187500000000          0.89912914325178228     
  0.951124143786728382110595703125000000           1.6131582722287248     
  0.952101660892367362976074218750000000          -1.2054771161028333     
  0.953079177998006343841552734375000000           1.3217850664310402     
  0.954056695103645324707031250000000000          -2.3176624632756795     
  0.955034212209284305572509765625000000          0.20990907747515461     
  0.956011729314923286437988281250000000           2.0857910040436543     
  0.956989246420562267303466796875000000          -1.3197746636743859     
  0.957966763526201248168945312500000000           1.2897229150314498     
  0.958944280631840229034423828125000000          -1.9053591486835058     
  0.959921797737479209899902343750000000         -0.49346200342822155     
  0.960899314843118190765380859375000000           2.4497398902301692     
  0.961876831948757171630859375000000000          -1.2938249061350970     
  0.962854349054396152496337890625000000           1.1225726956347579     
  0.963831866160035133361816406250000000          -1.3995918359282382     
  0.964809383265674114227294921875000000          -1.1635853732027086     
  0.965786900371313095092773437500000000           2.6731057911311984     
  0.966764417476952075958251953125000000          -1.1233487436052407     
  0.967741934582591056823730468750000000          0.84088310520442222     
  0.968719451688230037689208984375000000         -0.84190579644421248     
  0.969696968793869018554687500000000000          -1.7555815801175398     
  0.970674485899507999420166015625000000           2.7340681005481544     
  0.971652003005146980285644531250000000         -0.81636314054132075     
  0.972629520110785961151123046875000000          0.47479409497583236     
  0.973607037216424942016601562500000000         -0.27678653753240079     
  0.974584554322063922882080078125000000          -2.2304847354366073     
  0.975562071427702903747558593750000000           2.6226969303806702     
  0.976539588533341884613037109375000000         -0.39265500519120611     
  0.977517105638980865478515625000000000           6.1491370178023030E-002
  0.978494622744619846343994140625000000          0.25187304045176506     
  0.979472139850258827209472656250000000          -2.5581734808690326     
  0.980449656955897808074951171875000000           2.3418420588539450     
  0.981427174061536788940429687500000000          0.11769709465125990     
  0.982404691167175769805908203125000000         -0.35790485990737658     
  0.983382208272814750671386718750000000          0.70423494331286118     
  0.984359725378453731536865234375000000          -2.7196093814669573     
  0.985337242484092712402343750000000000           1.9070261275152129     
  0.986314759589731693267822265625000000          0.67663796297090428     
  0.987292276695370674133300781250000000         -0.74176692746297579     
  0.988269793801009654998779296875000000           1.0476336495638743     
  0.989247310906648635864257812500000000          -2.7082082354358881     
  0.990224828012287616729736328125000000           1.3453481817835715     
  0.991202345117926597595214843750000000           1.2411053735719706     
  0.992179862223565578460693359375000000          -1.0514274754661528     
  0.993157379329204559326171875000000000           1.2591025538870200     
  0.994134896434843540191650390625000000          -2.5302383159302710     
  0.995112413540482521057128906250000000          0.69348182344356657     
  0.996089930646121501922607421875000000           1.7664197094702008     
  0.997067447751760482788085937500000000          -1.2544096401157998     
  0.998044964857399463653564453125000000           1.3271102175831513     
  0.999022481963038444519042968750000000          -2.2042164329935363     
  0.999999999068677425384521484375000000          -5.0762118829388659E-003
