           1     2.5370057224172182E-003
           2     7.0092706969328679E-003
           3     1.3312838274075471E-002
           4     1.9768809861270626E-002
           5     2.6267076222403363E-002
           6     3.2784779808902091E-002
           7     3.9314706474248895E-002
           8     4.5854208357750656E-002
           9     5.2402367796602289E-002
          10     5.8959041702557648E-002
          11     6.5524477173307102E-002
          12     7.2099136306187694E-002
          13     7.8683608572562305E-002
          14     8.5278563729674711E-002
          15     9.1884725047285148E-002
          16     9.8502853388632558E-002
          17    0.10513373740664188     
          18    0.11177818734340624     
          19    0.11843703103576943     
          20    0.12511111131815908     
          21    0.13180128433597380     
          22    0.13850841846995518     
          23    0.14523339367948715     
          24    0.15197710114057805     
          25    0.15874044309544477     
          26    0.16552433285775417     
          27    0.17232969493435893     
          28    0.17915746523689727     
          29    0.18600859136376907     
          30    0.19288403293892245     
          31    0.19978476199757522     
          32    0.20671176341181510     
          33    0.21366603535080739     
          34    0.22064858977196111     
          35    0.22766045294051129     
          36    0.23470266597551623     
          37    0.24177628542120988     
          38    0.24888238384284317     
          39    0.25602205044684340     
          40    0.26319639172488757     
          41    0.27040653212244903     
          42    0.27765361473192601     
          43    0.28493880201092625     
          44    0.29226327652658002     
          45    0.29962824172642560     
          46    0.30703492273706562     
          47    0.31448456719144841     
          48    0.32197844608605003     
          49    0.32951785466903516     
          50    0.33710411336122487     
          51    0.34473856871043751     
          52    0.35242259438175694     
          53    0.36015759218463439     
          54    0.36794499313891954     
          55    0.37578625858155446     
          56    0.38368288131601708     
          57    0.39163638680637392     
          58    0.39964833441851122     
          59    0.40772031871036329     
          60    0.41585397077423975     
          61    0.42405095963325601     
          62    0.43231299369507348     
          63    0.44064182226564041     
          64    0.44903923712614163     
          65    0.45750707417639569     
          66    0.46604721514819186     
          67    0.47466158939220898     
          68    0.48335217574253603     
          69    0.49212100446278345     
          70    0.50097015927827371     
          71    0.50990177949899207     
          72    0.51891806223814185     
          73    0.52802126473168276     
          74    0.53721370676436064     
          75    0.54649777320814774     
          76    0.55587591667956004     
          77    0.56535066032235115     
          78    0.57492460072297469     
          79    0.58460041096621806     
          80    0.59438084383932033     
          81    0.60426873519312652     
          82    0.61426700746958385     
          83    0.62437867340555575     
          84    0.63460683992299316     
          85    0.64495471221759226     
          86    0.65542559805724454     
          87    0.66602291230345645     
          88    0.67675018166957202     
          89    0.68761104973051457     
          90    0.69860928219994023     
          91    0.70974877249171686     
          92    0.72103354758404914     
          93    0.73246777420582132     
          94    0.74405576536615714     
          95    0.75580198724989456     
          96    0.76771106650323995     
          97    0.77978779793586739     
          98    0.79203715266778252     
          99    0.80446428675117032     
         100    0.81707455030041787     
         101    0.82987349716547820     
         102    0.84286689518716762     
         103    0.85606073707565200     
         104    0.86946125195720292     
         105    0.88307491763762480     
         106    0.89690847363513959     
         107    0.91096893504009302     
         108    0.92526360726296930     
         109    0.93980010173887418     
         110    0.95458635266131531     
         111    0.96963063482539436     
         112    0.98494158266739240     
         113     1.0005282105956723     
         114     1.0163999347163408     
         115     1.0325665960674455     
         116     1.0490384854847583     
         117     1.0658263702355468     
         118     1.0829415225685965     
         119     1.1003957503437241     
         120     1.1182014299200154     
         121     1.1363715414998630     
         122     1.1549197071458051     
         123     1.1738602317094153     
         124     1.1932081469360600     
         125     1.2129792590374500     
         126     1.2331902000544779     
         127     1.2538584833680801     
         128     1.2750025637544771     
         129     1.2966419024255189     
         130     1.3187970375440152     
         131     1.3414896607600890     
         132     1.3647427003772872     
         133     1.3885804118290561     
         134     1.4130284762269389     
         135     1.4381141078338331     
         136     1.4638661714205656     
         137     1.4903153105832903     
         138     1.5174940882354855     
         139     1.5454371406449581     
         140     1.5741813465646799     
         141     1.6037660132127236     
         142     1.6342330810934680     
         143     1.6656273499262342     
         144     1.6979967282642487     
         145     1.7313925097549663     
         146     1.7658696794197828     
         147     1.8014872538309283     
         148     1.8383086596449087     
         149     1.8764021556371695     
         150     1.9158413041849172     
         151     1.9567054990940405     
         152     1.9990805577866451     
         153     2.0430593871970331     
         154     2.0887427343078206     
         155     2.1362400341516330     
         156     2.1856703703734381     
         157     2.2371635661815654     
         158     2.2908614268167438     
         159     2.3469191586749072     
         160     2.4055069951004473     
         161     2.4668120648410965     
         162     2.5310405465010675     
         163     2.5984201614066884     
         164     2.6692030685710915     
         165     2.7436692395215623     
         166     2.8221304084284049     
         167     2.9049347153022698     
         168     2.9924721884086165     
         169     3.0851812483630305     
         170     3.1835564631640487     
         171     3.2881578441592119     
         172     3.3996220524043790     
         173     3.5186759897039730     
         174     3.6461533881408172     
         175     3.7830151993597241     
         176     3.9303748392854607     
         177     4.0895296930082177     
         178     4.2620007690579200     
         179     4.4495830732315858     
         180     4.6544102422244213     
         181     4.8790383797186356     
         182     5.1265560975219682     
         183     5.4007308431989829     
         184     5.7062062859512084     
         185     6.0487728292950109     
         186     6.4357449376717470     
         187     6.8764979490210578     
         188     7.3832489790590499     
         189     7.9722220233707608     
         190     8.6654374808585732     
         191     9.4935548187955447     
         192     10.500570088807114     
         193     11.751952603127853     
         194     13.349566563856747     
         195     15.461043835930596     
         196     18.383078769123514     
         197     22.695244593275934     
         198     29.702636005003875     
         199     43.088280392549080     
         200     78.859802906136167     
         201     480.81199411656831     
         202     116.28284098907280     
         203     51.644243242037760     
         204     33.094656184336344     
         205     24.292516367336333     
         206     19.151533329303042     
         207     15.779488956135189     
         208     13.396471889972364     
         209     11.622285935166643     
         210     10.249459313913327     
         211     9.1551618182877590     
         212     8.2620357796126171     
         213     7.5189356343134452     
         214     6.8906925334066278     
         215     6.3523276197216534     
         216     5.8856105353002786     
         217     5.4769244391782150     
         218     5.1158933071152228     
         219     4.7944718178924735     
         220     4.5063256291537925     
         221     4.2463994039561612     
         222     4.0106094168306088     
         223     3.7956207452927404     
         224     3.5986830828788268     
         225     3.4175079354444815     
         226     3.2501755221482029     
         227     3.0950633231520595     
         228     2.9507906210169406     
         229     2.8161750092656188     
         230     2.6901979598852588     
         231     2.5719773221507758     
         232     2.4607451776945557     
         233     2.3558298729345468     
         234     2.2566413374652012     
         235     2.1626590079667105     
         236     2.0734218335914045     
         237     1.9885199558733226     
         238     1.9075877446644647     
         239     1.8302979389982035     
         240     1.7563566935469339     
         241     1.6854993714025428     
         242     1.6174869551332818     
         243     1.5521029725746194     
         244     1.4891508531614024     
         245     1.4284516459846777     
         246     1.3698420430431140     
         247     1.3131726610310415     
         248     1.2583065429797926     
         249     1.2051178475413484     
         250     1.1534906989828038     
         251     1.1033181752855141     
         252     1.0545014153010355     
         253     1.0069488288578292     
         254    0.96057539615134591     
         255    0.91530204478249533     
         256    0.87105509450710972     
         257    0.82776576118437251     
         258    0.78536971261108313     
         259    0.74380666994237221     
         260    0.70302004925900163     
         261    0.66295663857332843     
         262    0.62356630619247910     
         263    0.58480173689698933     
         264    0.54661819286323998     
         265    0.50897329667343227     
         266    0.47182683413633048     
         267    0.43514057500679293     
         268    0.39887811007608376     
         269    0.36300470357114206     
         270    0.32748716047159865     
         271    0.29229370950734407     
         272    0.25739390491034114     
         273    0.22275855525815566     
         274    0.18835970130550342     
         275    0.15417070474910713     
         276    0.12016665071553154     
         277     8.6325900928951205E-002
         278     5.2637905461683232E-002
         279     1.9193718837242215E-002
         280     1.4977474077544696E-002
         281     4.8209000687398230E-002
         282     8.1605738133134653E-002
         283    0.11501409912347485     
         284    0.14843844271607076     
         285    0.18189578588831526     
         286    0.21540579410485131     
         287    0.24898888125545421     
         288    0.28266569305639860     
         289    0.31645694711648703     
         290    0.35038338983378753     
         291    0.38446579815537713     
         292    0.41872500064199070     
         293    0.45318190760516142     
         294    0.48785754585337349     
         295    0.52277309598792299     
         296    0.55794993127534420     
         297    0.59340965764860165     
         298    0.62917415465828919     
         299    0.66526561734043410     
         300    0.70170659905009192     
         301    0.73852005536002219     
         302    0.77572938915598466     
         303    0.81335849708271868     
         304    0.85143181751293517     
         305    0.88997438022601205     
         306    0.92901185799828112     
         307    0.96857062032030772     
         308     1.0086777894720063     
         309     1.0493612992020169     
         310     1.0906499562760135     
         311     1.1325735051771679     
         312     1.1751626962639190     
         313     1.2184493577139448     
         314     1.2624664716093441     
         315     1.3072482545480060     
         316     1.3528302431981809     
         317     1.3992493852504471     
         318     1.4465441362612803     
         319     1.4947545629281329     
         320     1.5439224533858906     
         321     1.5940914351713931     
         322     1.6453071015650558     
         323     1.6976171470891541     
         324     1.7510715130206820     
         325     1.8057225438647238     
         326     1.8616251558327639     
         327     1.9188370184811463     
         328     1.9774187507887859     
         329     2.0374341330936767     
         330     2.0989503364648954     
         331     2.1620381712647934     
         332     2.2267723568571616     
         333     2.2932318146446127     
         334     2.3614999868765580     
         335     2.4316651839620671     
         336     2.5038209633556638     
         337     2.5780665434640340     
         338     2.6545072564561369     
         339     2.7332550443557220     
         340     2.8144290033656052     
         341     2.8981559820274221     
         342     2.9845712395750743     
         343     3.0738191717100283     
         344     3.1660541120338790     
         345     3.2614412185412727     
         346     3.3601574559333280     
         347     3.4623926860943257     
         348     3.5683508809228330     
         349     3.6782514738750089     
         350     3.7923308691238953     
         351     3.9108441302387940     
         352     4.0340668738367009     
         353     4.1622973978646218     
         354     4.2958590791780447     
         355     4.4351030810586165     
         356     4.5804114184762801     
         357     4.7322004375169406     
         358     4.8909247757979823     
         359     5.0570818833048934     
         360     5.2312171984345861     
         361     5.4139300928043728     
         362     5.6058807214484387     
         363     5.8077979434931102     
         364     6.0204885137242483     
         365     6.2448477895182073     
         366     6.4818722528695334     
         367     6.7326742169728240     
         368     6.9984991753333174     
         369     7.2807463644929280     
         370     7.5809932570021505     
         371     7.9010248899104907     
         372     8.2428691804623213     
         373     8.6088397052060959     
         374     9.0015878498837676     
         375     9.4241668156595999     
         376     9.8801107503885106     
         377     10.373533345737910     
         378     10.909251725606802     
         379     11.492943532667427     
         380     12.131348076963871     
         381     12.832526672815590     
         382     13.606203530897925     
         383     14.464217867022745     
         384     15.421131993945888     
         385     16.495062012173481     
         386     17.708832342386540     
         387     19.091611624417375     
         388     20.681281617879051     
         389     22.527953206844600     
         390     24.699334446830512     
         391     27.289198338743340     
         392     30.431260927218553     
         393     34.322983333173148     
         394     39.268697059734535     
         395     45.763218213153770     
         396     54.668526979363783     
         397     67.631884883981655     
         398     88.243833453853142     
         399     126.10247150657219     
         400     218.41275468433406     
         401     783.30147285779560     
         402     505.99462069687047     
         403     193.00582647298560     
         404     119.92134034430673     
         405     87.337024435448214     
         406     68.893167306164329     
         407     57.027150747079062     
         408     48.753300975186960     
         409     42.655427764305571     
         410     37.975321475936681     
         411     34.270387108280296     
         412     31.264900213464877     
         413     28.778137666782168     
         414     26.686706592630856     
         415     24.903481504685072     
         416     23.365191895912680     
         417     22.024780983131809     
         418     20.846524802025815     
         419     19.802814366816410     
         420     18.871975323397965     
         421     18.036754738605012     
         422     17.283248431355350     
         423     16.600126139027253     
         424     15.978062307238851     
         425     15.409311537110957     
         426     14.887387542904033     
         427     14.406817326713799     
         428     13.962950783198650     
         429     13.551811680747258     
         430     13.169979895288776     
         431     12.814497508249447     
         432     12.482793311204226     
         433     12.172621640998143     
         434     11.882012469128222     
         435     11.609230401402975     
         436     11.352740785713937     
         437     11.111181530627789     
         438     10.883339542849603     
         439     10.668130923879874     
         440     10.464584244316640     
         441     10.271826351908752     
         442     10.089070276612732     
         443     9.9156048798776801     
         444     9.7507859616166055     
         445     9.5940285908886942     
         446     9.4448004682769628     
         447     9.3026161616259255     
         448     9.1670320839811339     
         449     9.0376421046114519     
         450     8.9140737019541731     
         451     8.7959845820234541     
         452     8.6830596979093553     
         453     8.5750086159735694     
         454     8.4715631826194233     
         455     8.3724754523972020     
         456     8.2775158439540508     
         457     8.1864714951566349     
         458     8.0991447927665110     
         459     8.0153520554680107     
         460     7.9349223519418741     
         461     7.8576964381361831     
         462     7.7835257999776211     
         463     7.7122717895532631     
         464     7.6438048443234097     
         465     7.5780037802385589     
         466     7.5147551507651178     
         467     7.4539526647997967     
         468     7.3954966572953005     
         469     7.3392936071534534     
         470     7.2852556975751384     
         471     7.2333004146117235     
         472     7.1833501801442612     
         473     7.1353320159397517     
         474     7.0891772358033620     
         475     7.0448211631705409     
         476     7.0022028717680938     
         477     6.9612649472256969     
         478     6.9219532677408715     
         479     6.8842168020972263     
         480     6.8480074235097836     
         481     6.8132797379254546     
         482     6.7799909255441664     
         483     6.7481005944482293     
         484     6.7175706453364388     
         485     6.6883651464567828     
         486     6.6604502179185143     
         487     6.6337939246425073     
         488     6.6083661772785405     
         489     6.5841386404811244     
         490     6.5610846479921907     
         491     6.5391791240296815     
         492     6.5183985105273994     
         493     6.4987206998129601     
         494     6.4801249723486247     
         495     6.4625919391938131     
         496     6.4461034888793689     
         497     6.4306427384121427     
         498     6.4161939881540473     
         499     6.4027426803437972     
         500     6.3902753610509615     
         501     6.3787796453722931     
         502     6.3682441856982406     
         503     6.3586586428950893     
         504     6.3500136602635724     
         505     6.3423008401497363     
         506     6.3355127230973602     
         507     6.3296427694445141     
         508     6.3246853432782668     
         509     6.3206356986739163     
         510     6.3174899681553409     
         511     6.3152451533239624     
         512     6.3138991176136869     
         513     6.3134505811391071     
