           1     525.75556861697828     
           2     506.04163887002039     
           3     6.7616640562642489     
           4     13.501013556359785     
           5     6.9842749435966809     
           6     11.254011773510824     
           7     10.390742117021896     
           8     8.8262534845198406     
           9     7.4241267692955493     
          10     12.855657667382712     
          11     11.042119664722787     
          12     11.490683118127389     
          13     14.922747603660058     
          14     11.218269861009619     
          15     8.2807473929452673     
          16     3.9661125250842035     
          17     6.6327842465193338     
          18     10.761432401355028     
          19     14.965470866515512     
          20     6.9061108893129148     
          21     3.7389748527487785     
          22     6.0707195192489216     
          23     11.075651424605359     
          24     14.469106097125707     
          25     3.0921405043513310     
          26     12.447292170922896     
          27     5.7128587120211902     
          28     10.745147350255936     
          29     2.8089770131338807     
          30     12.215881944695798     
          31     11.898773501787264     
          32     7.9003209490151542     
          33     5.0050599284212263     
          34     2.2826102919318885     
          35     13.197432374807804     
          36     11.963533155997563     
          37     6.1858263047131441     
          38     8.2207005116159770     
          39     12.553725743007588     
          40     9.9357792655999599     
          41     3.2775685918703616     
          42     17.991544326104776     
          43     3.0129694448538671     
          44     12.298681697132196     
          45     6.0073176662504331     
          46     13.457877108987926     
          47     8.3379194576840110     
          48     14.132357036442912     
          49     10.647759579998931     
          50     2.5228845633105443     
          51     3.0516885347562734     
          52     6.0309900863308936     
          53     2.3239698565315536     
          54     8.6150036725775916     
          55     4.3069852307208265     
          56     14.583135671567659     
          57     7.3777527952321140     
          58     10.060612184620554     
          59     4.7768324684704053     
          60     4.0868207385614657     
          61     9.5690097752086523     
          62     5.2779088087980650     
          63     5.4384402324471051     
          64     3.1337497473603078     
          65     7.5190467866872721     
          66     4.8747032786965168     
          67     9.4967285036942215     
          68     11.034366365203832     
          69     3.1864244677587497     
          70     15.103563563782886     
          71     24.380748507132971     
          72     8.9857822522332071     
          73     2.8596098897906850     
          74     11.809014111677186     
          75     8.4697543212558521     
          76     6.3135588406234877     
          77     5.8935766997543686     
          78     16.110226534281981     
          79     9.7054664731392020     
          80     8.9451616374379483     
          81     15.484045317779804     
          82     1.9714349299685059     
          83     8.9855409502976737     
          84     1.0376331744630698     
          85    0.81093075768660883     
          86     3.7249204001557081     
          87     10.483673185308721     
          88     9.0224070609113376     
          89     10.526941083731396     
          90     27.517337292023964     
          91     13.099169285468845     
          92     4.7652565836900136     
          93     3.6018411828678136     
          94     3.8002790946801159     
          95     9.7023758986013267     
          96     8.9410271402525723     
          97     9.7508937189319838     
          98     7.0088921174398058     
          99     13.791490870831947     
         100     9.4886991796975124     
         101     7.9297435648297627     
         102     10.148764245183450     
         103     3.2197232722526494     
         104     8.3982128923933601     
         105     4.4356076041723966     
         106     3.8942001754792823     
         107     7.5871720342607105     
         108     14.592939360161465     
         109     5.0576384548941382     
         110     9.8855181879575955     
         111    0.97731203754299156     
         112     5.5618072360065778     
         113     2.2248089920277452     
         114     3.7123547885261510     
         115     3.5411024943674092     
         116     3.5678206018659449     
         117     3.0053287004924250     
         118     7.5790741921928264     
         119     5.2164938468168840     
         120     3.3648951404089522     
         121     3.2200607307904536     
         122     2.8951823019088749     
         123     15.827870629397118     
         124     9.4546123115148788     
         125     9.5431678110551310     
         126     13.445523121674116     
         127     3.8569384965812699     
         128     3.3608717400985419     
         129     15.525056499872559     
         130     16.158215287026547     
         131     4.2715562080726315     
         132     10.960146290993432     
         133     10.185359738890661     
         134     7.3598826048250148     
         135     3.4285388605351006     
         136     8.9678431254310560     
         137     12.280643804014254     
         138     16.210859915538130     
         139     8.7022578648362998     
         140     14.834489780469296     
         141     9.0331058000565267     
         142     9.4294507352883894     
         143     5.4990235135631353     
         144     6.3414309721972302     
         145     10.233421054364447     
         146     4.8828661144163457     
         147     4.7222263822750090     
         148     5.0518628531817082     
         149     3.6578627581460026     
         150     1.4393228913385536     
         151     5.0856830363577297     
         152     7.5302235140139002     
         153     3.9550455306815988     
         154     8.9300050410479344     
         155     12.919352139842777     
         156     5.2938626797022508     
         157     2.9641732893276851     
         158     15.375443870914442     
         159     14.267652023404930     
         160     12.380526541619568     
         161     14.071363302542919     
         162     6.9683648318520914     
         163     16.128306418743676     
         164     18.966721164720816     
         165     13.170271670103759     
         166     8.3048326635736203     
         167     16.209079751473102     
         168     10.505187787434396     
         169    0.87063169388991457     
         170     10.984270247926265     
         171     10.387768819538593     
         172     1.8708835458834128     
         173     14.412763200555839     
         174     18.213078717447029     
         175     3.4339691105803172     
         176     4.1535619270378561     
         177     9.8430787797681951     
         178     1.0806787136950786     
         179     5.7319752444654020     
         180     10.793424997817203     
         181     5.4044026498176407     
         182     3.7802457930182478     
         183     3.8758523955763446     
         184     19.843324739354085     
         185     9.5038104404386825     
         186     11.225025562910426     
         187     5.4402616230175873     
         188     10.022939569469182     
         189     1.8538509098982781     
         190    0.11394238734334490     
         191     9.1823337819754922     
         192     3.6735160928366750     
         193     14.878880159923620     
         194     3.4061544764211118     
         195     5.2416867666300195     
         196     6.0630167262629335     
         197     10.361784529288133     
         198     1.7136129736008625     
         199     12.669355066544561     
         200     10.569681310575938     
         201     8.6468417650751341     
         202     6.9577166219504001     
         203     2.5492707351281445     
         204     4.4239865785603945     
         205     14.701700004722250     
         206     14.262943644707873     
         207     1.7820240576229669     
         208     8.2033319967664120     
         209     6.5570965935894989     
         210     8.8729152182131568     
         211     13.119252432358380     
         212     10.539540861851968     
         213     4.0053950495221544     
         214     4.8520027787551738     
         215     1.8307937509894805     
         216     6.9660013918405577     
         217     5.2528784772593626     
         218     6.2122561467907120     
         219     1.3228958980579792     
         220     10.439063618003651     
         221     1.9329746230699540     
         222     11.413103526303090     
         223     15.003851984773707     
         224     5.5760920261952300     
         225     5.0171119325946263     
         226     3.7792312639360253     
         227     8.4902657095537108     
         228     10.934949736589246     
         229     18.739459945257614     
         230     6.7222151507508272     
         231     6.8315623863634940     
         232     15.239754930875929     
         233     13.592988934985897     
         234     10.962763585742922     
         235     2.3124435793022311     
         236     10.325766681843037     
         237     7.7906064329257587     
         238     9.0527108802395713     
         239     4.8351983894442139     
         240     6.7733516731255836     
         241     13.100076404244192     
         242     9.2303152501839687     
         243     5.4065560968923840     
         244     14.166029925125647     
         245     1.0139946589516557     
         246    0.96654647868211374     
         247     3.3658605659248266     
         248     7.3287009438613930     
         249     14.847762943501724     
         250     8.6466716722151471     
         251     9.2991867053373785     
         252     7.0110157402381876     
         253     7.6101550617046163     
         254     9.9156132367884879     
         255     9.2119961954178340     
         256     3.2916199511360547     
         257     9.8022743386125324     
         258     16.788550646241458     
         259     4.2622285361510164     
         260     7.2387788228815033     
         261     7.0089126821847767     
         262     7.7898624580655955     
         263     7.2111984359937775     
         264     3.5704490242902156     
         265     5.8168074565946757     
         266     5.3834580763560567     
         267     15.760445376239540     
         268     10.327317003347723     
         269     7.5498231931324797     
         270     2.5307424739674498     
         271     7.6131876726350010     
         272     14.026521129676395     
         273     6.5532125115797903     
         274     12.326571191044177     
         275     7.6860520338750584     
         276     7.8575863464729032     
         277     8.4283064202790534     
         278     12.219015618528049     
         279     10.994090814935001     
         280     2.4764875065213179     
         281     14.912059242325487     
         282     5.1286500303233504     
         283     5.2751623007038306     
         284     5.8753669086642777     
         285     1.0549545425427467     
         286     5.2803783985802326     
         287     8.2385347739511072     
         288     11.739362862177549     
         289     23.011717470024358     
         290     9.1147632239682750     
         291     13.617499909860213     
         292     4.1989129008545261     
         293     12.684645931401295     
         294     3.9086900148705475     
         295     4.4470733780390388     
         296     9.8643555496841149     
         297     6.5605088385888655     
         298     13.338003907477036     
         299     17.292029117523175     
         300     13.610937408221515     
         301     12.639147761595311     
         302     6.0454617002685014     
         303     10.917152562669209     
         304     12.694944446339411     
         305     2.6484854498963606     
         306     1.8889651397931462     
         307     2.7523495332113348     
         308     5.4460690706224080     
         309     8.5735168577597314     
         310     5.9149864473135487     
         311     7.5497481265442303     
         312     3.4792075717722404     
         313    0.39915558430415576     
         314     13.491335778619764     
         315     11.844490852125084     
         316     8.9756610752505335     
         317     1.0009951246938833     
         318     6.1286993313300204     
         319     8.5119236586815052     
         320     7.3832488924980231     
         321     13.376561201165403     
         322     7.3065781452340364     
         323     4.4752473543265046     
         324     6.4864922462028218     
         325     7.3255672922609554     
         326     19.851865187480847     
         327     5.4424566325208010     
         328     9.1209227124175740     
         329     5.5994921560484130     
         330     7.6753660144779490     
         331     5.3662368404743441     
         332     1.7040502238717843     
         333     10.005011838601144     
         334     2.8004745008545742     
         335     7.8597282277785272     
         336     9.0936778762185586     
         337     2.4308043395092045     
         338     6.5140045234778157     
         339     10.474112068570447     
         340     12.768384714341083     
         341     7.1406119432091106     
         342     3.1268212786784852     
         343     10.466804406122412     
         344     3.9177710186747485     
         345     7.8694855474117551     
         346     11.589403902429478     
         347     4.1547070683675047     
         348     13.157810284970939     
         349     19.082044080090977     
         350     4.6123970313734910     
         351     13.698372805832243     
         352     7.3120161375947514     
         353     5.6390517806494787     
         354     5.5897208190125474     
         355     13.162708451901914     
         356     9.5079612950449235     
         357     10.326308438862856     
         358     12.455124953768465     
         359     1.8131456367704843     
         360     1.0351779529113587     
         361     2.6585509559438352     
         362     11.788590389760731     
         363     11.961015533883749     
         364     5.1645951306465152     
         365     5.0534143940263707     
         366     9.4350760242503871     
         367     5.8678406285095344     
         368     2.0354758081317521     
         369     7.3801292730749433     
         370     19.251215927358771     
         371     2.6607326472246253     
         372     6.6964239034665791     
         373     12.122401909762758     
         374     8.3649323038850429     
         375     12.883157057561366     
         376     4.0058750214501302     
         377     9.1481995963813407     
         378     5.3566706535178215     
         379     1.1590828187684983     
         380     10.563977508638198     
         381     13.457062604582926     
         382     9.6785631745525222     
         383     2.8900028539704223     
         384     9.4413610212595138     
         385     1.2920667390706797     
         386     6.5239575026796652     
         387     20.459390831810587     
         388     13.610622009849495     
         389     2.8579210280776275     
         390     7.1298031406432854     
         391     4.6119376893523185     
         392     6.1691324164326637     
         393     5.6216411573832898     
         394     8.3610458230851403     
         395     3.0019988408961384     
         396     12.128148672695891     
         397     6.3182929202086706     
         398     4.4732523661395138     
         399     3.2910851133354027     
         400     5.1142782377652596     
         401     1.7808296126660683     
         402     9.7324908691035326     
         403     8.0750910818942447     
         404     8.1521536695330177     
         405     8.8122211363006908     
         406     8.9936421127247481     
         407     8.0879818381346276     
         408     6.4393527190046775     
         409     4.5680761071112350     
         410     3.6095767029084667     
         411     7.9653464190139927     
         412     1.7552350046223144     
         413     7.7702424732888389     
         414     11.681279668707372     
         415     2.4947339984258847     
         416     7.5213578163728174     
         417     14.946669312008078     
         418     7.2582691652157658     
         419     4.5628980508991246     
         420     12.737835090007792     
         421     14.743269556833248     
         422     2.4087862234297250     
         423     6.9230725513464142     
         424     7.0143452745646009     
         425     4.8556206675835467     
         426     18.658707468227380     
         427     9.4594310410298732     
         428     7.1236551690711112     
         429     6.1447617904950080     
         430     9.9346746767079335     
         431     4.0048422715720449     
         432     4.7209540951260012     
         433     6.0439141482939585     
         434     4.5859778622375993     
         435     13.702534676573940     
         436     12.292838095995178     
         437     7.7689931247001773     
         438     1.9053786507671082     
         439     4.3614096281464567     
         440     5.5856827877359647     
         441     2.8899567008854308     
         442     4.5560366805067858     
         443     7.3723879405572692     
         444     5.0261323667376674     
         445     4.2028128171475654     
         446     8.7576088911891912     
         447     6.9649386316183870     
         448     11.863810143496300     
         449     2.2512725735406618     
         450     9.3295115180173216     
         451     9.5134780510105923     
         452     3.5846438533541281     
         453     2.9069665401564908     
         454     16.479883772850208     
         455    0.65070520124446629     
         456     5.8747773919559778     
         457     6.6265489690765218     
         458     3.3820881618628258     
         459     16.235837681983014     
         460     11.541015455996744     
         461     18.630863334116061     
         462     3.8017350381864810     
         463     9.6203188616897002     
         464     2.7291670293750872     
         465     9.7270420794818033     
         466     9.6705313162684341     
         467     11.816357404821984     
         468     4.4629826186058592     
         469     4.7086882770443230     
         470     14.400083564564945     
         471     6.7505212731025583     
         472     3.3170300431049475     
         473     7.3142699972622420     
         474     8.7819595546865532     
         475     8.2938978023864198     
         476     6.9429712108180812     
         477     3.7858853588782924     
         478     4.6688006674760203     
         479     9.7644924634435153     
         480     11.801025497703186     
         481     3.3266969622857774     
         482     17.086585192639692     
         483     8.0951838738846558     
         484     2.6129218309163091     
         485     20.727530205191854     
         486     7.7203387923678548     
         487     10.389245775865751     
         488     3.8848791795206092     
         489     5.9384446468121030     
         490     10.130558270786063     
         491     9.8955229969282996     
         492     8.7366440806745391     
         493     13.203061100593604     
         494     1.6842955367564554     
         495     4.3644796930000398     
         496     4.0331121686217886     
         497     13.765128345272199     
         498     3.4400257826127394     
         499     5.9966205235077803     
         500     1.8571496452582374     
         501     11.097959872382145     
         502     7.6524139644991909     
         503     5.0358169672265340     
         504     10.200832666739165     
         505     17.037935730072878     
         506     3.3583500414752079     
         507     5.6703725329111458     
         508     11.052904803914934     
         509     2.3048017012964932     
         510     9.2493399147415971     
         511     3.6368812619795299     
         512     11.497045379921046     
         513     20.067620046774209     
